C L : 0 0 0 0 4 8 5
C L : 0 0 0 0 1 2 5
C L : 0 0 1 0 0 1 2
C L : 0 0 0 0 5 4 0
C L : 0 0 0 0 5 4 0
C L : 0 0 0 0 5 4 0
C L : 0 0 0 0 7 0 0
C L : 0 0 0 0 5 4 0
C L : 0 0 0 0 7 0 0
C L : 0 0 0 0 5 4 0
C L : 0 0 0 0 0 1 9
C L : 0 0 0 0 0 1 9
C L : 0 0 0 2 2 0 0
C L : 0 0 0 0 6 2 3
C L : 0 0 0 2 2 0 0
C L : 0 0 0 0 6 2 3
C L : 0 0 0 0 2 3 2
C L : 0 0 0 0 2 3 2
C L : 0 0 0 0 7 3 8
C L : 0 0 0 0 5 5 8
C L : 0 0 0 0 2 3 2
C L : 0 0 0 0 4 4 8
C L : 0 0 0 0 5 5 8
C L : 0 0 0 0 2 3 2
C L : 0 0 0 0 5 5 8
C L : 0 0 0 0 2 3 2
C L : 0 0 0 0 2 3 2
C L : 0 0 0 0 0 6 6
C L : 0 0 0 0 7 3 8
C L : 0 0 0 0 5 4 0
C L : 0 0 0 0 2 3 2
C L : 0 0 0 0 0 5 7
C L : 0 0 0 0 0 2 5
C L : 0 0 0 0 2 3 2
C L : 0 0 0 0 0 5 7
C L : 0 0 0 0 2 3 2
C L : 0 0 0 0 2 3 2
C L : 0 0 0 0 3 1 2
C L : 0 0 0 0 1 2 5
C L : 0 0 0 0 1 2 7
C L : 0 0 0 0 1 2 7
C L : 0 0 0 0 3 6 8
C L : 0 0 0 0 1 2 7
C L : 0 0 0 0 0 8 4
C L : 0 0 0 0 0 8 4
C L : 0 0 0 0 0 9 7
C L : 0 0 0 0 0 9 7
C L : 0 0 0 0 0 9 7
C L : 0 0 0 0 9 0 2
C L : 0 0 0 0 7 6 7
C L : 0 0 0 0 7 7 1
C L : 0 0 0 0 8 9 9
C L : 0 0 0 0 5 4 6
C L : 0 0 0 0 5 4 2
C L : 0 0 0 0 0 8 4
C L : 0 0 0 0 7 3 8
C L : 0 0 0 0 0 8 4
C L : 0 0 0 0 7 7 1
C L : 0 0 0 0 7 3 8
C L : 0 0 0 0 5 4 5
C L : 0 0 0 2 1 9 8
C L : 0 0 0 0 5 7 6
C L : 0 0 0 2 0 2 8
C L : 0 0 0 0 5 4 0
C L : 0 0 0 0 4 7 7
C L : 0 0 0 0 8 9 3
C L : 0 0 0 0 5 7 3
C L : 0 0 0 0 8 9 3
C L : 0 0 0 0 0 3 4
C L : 0 0 0 0 7 5 2
C L : 0 0 0 0 8 9 3
C L : 0 0 0 0 8 9 3
C L : 0 0 0 0 5 7 0
C L : 0 0 0 0 5 7 0
C L : 0 0 0 0 1 6 5
C L : 0 0 0 0 5 2 4
C L : 0 0 0 0 4 7 7
C L : 0 0 0 0 8 9 3
C L : 0 0 0 0 5 7 0
C L : 0 0 0 0 0 8 4
C L : 0 0 0 0 5 8 6
C L : 0 0 0 0 5 7 0
C L : 0 0 0 0 1 3 6
C L : 0 0 0 0 1 8 7
C L : 0 0 0 0 1 3 6
C L : 0 0 0 0 1 8 7
C L : 0 0 0 0 2 5 5
C L : 0 0 0 0 5 7 6
C L : 0 0 0 0 2 3 5
C L : 0 0 0 0 2 3 5
C L : 0 0 0 0 5 7 6
C L : 0 0 0 0 2 3 2
C L : 0 0 0 0 2 3 2
C L : 0 0 0 0 0 8 1
C L : 0 0 0 0 6 5 3
C L : 0 0 0 0 6 5 3
C L : 0 0 0 0 6 5 3
C L : 0 0 0 0 6 5 3
C L : 0 0 0 0 1 6 9
C L : 0 0 0 0 3 6 5
C L : 0 0 0 2 2 1 2
C L : 0 0 0 0 5 1 2
C L : 0 0 0 0 5 1 2
C L : 0 0 0 0 0 9 2
C L : 0 0 0 0 1 7 3
C L : 0 0 0 0 0 6 2
C L : 0 0 0 0 2 3 2
C L : 0 0 0 0 7 3 8
C L : 0 0 0 0 2 3 3
C L : 0 0 0 0 2 3 3
C L : 0 0 0 2 1 2 9
C L : 0 0 0 2 1 2 9
C L : 0 0 0 0 0 1 9
C L : 0 0 0 0 7 2 2
C L : 0 0 0 0 5 2 5
C L : 0 0 0 0 7 2 2
C L : 0 0 0 0 0 5 9
C L : 0 0 0 0 0 5 9
C L : 0 0 0 0 0 6 0
C L : 0 0 0 0 0 2 5
C L : 0 0 0 0 0 1 9
C L : 0 0 0 0 1 3 6
C L : 0 0 0 0 0 5 7
C L : 0 0 0 0 4 4 9
C L : 0 0 0 0 1 3 6
C L : 0 0 0 0 7 3 8
C L : 0 0 0 0 2 3 5
C L : 0 0 0 0 1 3 6
C L : 0 0 0 0 1 3 6
C L : 0 0 0 0 4 4 9
C L : 0 0 0 0 4 4 9
C L : 0 0 0 0 1 3 6
C L : 0 0 0 0 1 3 6
C L : 0 0 0 0 4 4 9
C L : 0 0 0 0 4 4 9
C L : 0 0 0 0 1 3 6
C L : 0 0 0 0 4 4 9
C L : 0 0 0 0 6 5 5
C L : 0 0 0 0 1 3 6
C L : 0 0 0 0 1 3 6
C L : 0 0 0 0 1 3 6
C L : 0 0 0 0 1 3 6
C L : 0 0 0 0 4 4 9
C L : 0 0 0 0 1 3 6
C L : 0 0 0 0 1 3 6
C L : 0 0 0 0 1 3 6
C L : 0 0 0 0 1 3 6
C L : 0 0 0 0 4 4 9
C L : 0 0 0 0 4 4 9
C L : 0 0 0 0 0 5 7
C L : 0 0 0 0 0 5 7
C L : 0 0 0 0 0 5 7
C L : 0 0 0 0 0 8 4
C L : 0 0 0 0 1 3 6
C L : 0 0 0 0 4 4 9
C L : 0 0 0 0 4 4 9
C L : 0 0 0 0 6 5 5
C L : 0 0 0 0 4 4 9
C L : 0 0 0 0 4 4 9
C L : 0 0 0 0 1 3 4
C L : 0 0 0 0 7 3 8
C L : 0 0 0 0 0 0 1
C L : 0 0 0 0 1 3 6
C L : 0 0 0 0 1 3 6
C L : 0 0 0 0 9 0 9
C L : 0 0 0 0 0 8 4
C L : 0 0 0 0 4 4 9
C L : 0 0 0 0 0 1 7
C L : 0 0 0 0 0 1 9
C L : 0 0 0 0 0 1 7
C L : 0 0 0 0 0 1 9
C L : 0 0 0 0 0 1 9
C L : 0 0 0 0 0 1 9
C L : 0 0 0 0 1 1 5
C L : 0 0 0 0 0 1 9
C L : 0 0 0 0 4 7 7
C L : 0 0 0 0 0 1 9
C L : 0 0 0 0 0 1 9
C L : 0 0 0 2 0 7 2
C L : 0 0 0 0 1 1 5
C L : 0 0 0 0 4 7 7
C L : 0 0 0 0 0 1 9
C L : 0 0 0 0 0 1 9
C L : 0 0 0 0 0 1 9
C L : 0 0 0 0 0 1 9
C L : 0 0 0 0 0 1 9
C L : 0 0 0 0 0 1 9
C L : 0 0 0 0 0 1 9
C L : 0 0 0 0 0 1 9
C L : 0 0 0 0 0 1 9
C L : 0 0 0 0 0 2 5
C L : 0 0 0 0 0 2 3
C L : 0 0 0 0 0 2 3
C L : 0 0 0 0 5 4 2
C L : 0 0 0 0 1 2 5
C L : 0 0 0 2 3 4 3
C L : 0 0 0 0 4 9 9
C L : 0 0 0 0 6 2 3
C L : 0 0 0 0 0 9 4
C L : 0 0 0 0 2 3 5
C L : 0 0 0 0 0 2 3
C L : 0 0 0 0 0 1 9
C L : 0 0 0 0 5 7 6
C L : 0 0 0 0 2 3 5
C L : 0 0 0 2 3 6 5
C L : 0 0 0 0 3 1 2
C L : 0 0 0 0 7 3 8
C L : 0 0 0 0 1 2 9
C L : 0 0 0 0 0 1 9
C L : 0 0 0 0 3 0 0
C L : 0 0 0 0 1 2 9
C L : 0 0 0 0 5 4 0
C L : 0 0 0 0 5 4 0
C L : 0 0 0 0 7 3 8
C L : 0 0 0 0 3 1 2
C L : 0 0 0 0 1 2 9
C L : 0 0 0 0 1 2 7
C L : 0 0 0 2 1 2 9
C L : 0 0 0 0 5 8 6
C L : 0 0 0 0 0 1 5
C L : 0 0 0 0 0 1 9
C L : 0 0 0 0 0 2 1
C L : 0 0 0 0 0 2 3
C L : 0 0 0 0 3 0 0
C L : 0 0 0 0 3 6 5
C L : 0 0 0 0 3 6 5
C L : 0 0 0 0 0 1 5
C L : 0 0 0 0 3 0 0
C L : 0 0 0 0 5 8 6
C L : 0 0 0 0 6 7 0
C L : 0 0 0 0 6 7 0
C L : 0 0 0 0 3 6 5
C L : 0 0 0 0 3 6 5
C L : 0 0 0 0 6 7 0
C L : 0 0 0 0 6 7 0
C L : 0 0 0 0 5 8 6
C L : 0 0 0 0 3 0 0
C L : 0 0 0 0 3 6 5
C L : 0 0 0 0 3 6 5
C L : 0 0 0 0 3 6 5
C L : 0 0 0 0 3 6 5
C L : 0 0 0 0 6 7 0
C L : 0 0 0 0 5 8 6
C L : 0 0 0 0 6 7 0
C L : 0 0 0 0 6 7 0
C L : 0 0 0 0 6 7 0
C L : 0 0 0 0 0 1 9
C L : 0 0 0 0 0 2 3
C L : 0 0 0 0 3 6 5
C L : 0 0 0 0 3 0 0
C L : 0 0 0 0 6 7 0
C L : 0 0 0 0 3 0 0
C L : 0 0 0 0 3 6 5
C L : 0 0 0 0 3 0 0
C L : 0 0 0 0 0 2 3
C L : 0 0 0 0 0 2 3
C L : 0 0 0 0 0 2 3
C L : 0 0 0 0 0 1 9
C L : 0 0 0 0 0 1 9
C L : 0 0 0 0 0 2 5
C L : 0 0 0 0 0 1 9
C L : 0 0 0 0 0 1 9
C L : 0 0 0 2 3 7 1
C L : 0 0 0 0 5 8 6
C L : 0 0 0 2 3 7 1
C L : 0 0 0 0 5 8 6
C L : 0 0 0 0 6 7 0
C L : 0 0 0 0 0 1 9
C L : 0 0 0 0 0 1 9
C L : 0 0 0 0 0 1 9
C L : 0 0 0 0 0 1 9
C L : 0 0 0 0 6 7 0
C L : 0 0 0 0 0 1 9
C L : 0 0 0 0 6 2 4
C L : 0 0 0 0 0 8 1
C L : 0 0 0 0 0 1 9
C L : 0 0 0 0 0 1 9
C L : 0 0 0 0 1 7 8
C L : 0 0 0 2 4 9 4
C L : 0 0 0 0 3 2 2
C L : 0 0 0 0 5 8 6
C L : 0 0 0 2 4 8 8
C L : 0 0 0 2 4 8 8
C L : 0 0 0 0 0 2 0
C L : 0 0 0 0 1 1 5
C L : 0 0 0 0 1 3 7
C L : 0 0 0 0 0 6 2
C L : 0 0 0 0 1 9 2
C L : 0 0 0 0 1 2 8
C L : 0 0 0 0 0 5 7
C L : 0 0 0 0 1 3 4
C L : 0 0 0 0 0 6 2
C L : 0 0 0 0 1 3 4
C L : 0 0 0 0 5 7 3
C L : 0 0 0 0 5 0 4
C L : 0 0 0 0 0 1 9
C L : 0 0 0 0 1 3 6
C L : 0 0 0 0 1 8 2
C L : 0 0 0 0 0 6 2
C L : 0 0 0 0 0 2 5
C L : 0 0 0 0 0 2 5
C L : 0 0 0 0 7 3 8
C L : 0 0 0 0 0 8 2
C L : 0 0 0 0 1 6 9
C L : 0 0 0 0 1 6 9
C L : 0 0 0 0 8 9 5
C L : 0 0 0 2 4 8 6
C L : 0 0 0 2 3 6 4
C L : 0 0 0 2 3 6 4
C L : 0 0 0 2 3 6 4
C L : 0 0 0 2 3 6 4
C L : 0 0 0 2 3 6 4
C L : 0 0 0 2 3 6 4
C L : 0 0 0 2 3 6 4
C L : 0 0 0 2 3 6 4
C L : 0 0 0 2 3 6 4
C L : 0 0 0 2 3 6 4
C L : 0 0 0 2 3 6 4
C L : 0 0 0 2 3 6 4
C L : 0 0 0 2 3 6 4
C L : 0 0 0 2 3 6 4
C L : 0 0 0 2 3 6 4
C L : 0 0 0 2 3 6 4
C L : 0 0 0 2 3 6 4
C L : 0 0 0 2 3 6 4
C L : 0 0 0 0 3 5 1
C L : 0 0 0 0 1 7 3
C L : 0 0 0 0 2 3 6
C L : 0 0 0 0 0 8 3
C L : 0 0 0 0 0 3 4
C L : 0 0 0 0 0 5 7
C L : 0 0 0 0 0 6 2
C L : 0 0 0 0 1 3 7
C L : 0 0 0 0 1 3 7
C L : 0 0 0 0 5 4 0
C L : 0 0 0 0 5 4 0
C L : 0 0 0 0 5 4 0
C L : 0 0 0 0 7 4 3
C L : 0 0 0 0 5 6 3
C L : 0 0 0 2 3 2 7
C L : 0 0 0 0 1 8 7
C L : 0 0 0 0 1 3 6
C L : 0 0 0 0 1 8 7
C L : 0 0 0 0 1 3 6
C L : 0 0 0 0 5 9 0
C L : 0 0 0 2 3 7 2
C L : 0 0 0 0 1 3 6
C L : 0 0 0 2 4 9 8
C L : 0 0 0 0 7 3 8
C L : 0 0 0 0 1 8 7
C L : 0 0 0 0 1 3 6
C L : 0 0 0 0 1 8 7
C L : 0 0 0 0 1 3 6
C L : 0 0 0 0 1 8 7
C L : 0 0 0 0 1 3 6
C L : 0 0 0 0 1 8 7
C L : 0 0 0 0 1 3 6
C L : 0 0 0 0 1 8 7
C L : 0 0 0 0 1 3 6
C L : 0 0 0 0 2 2 8
C L : 0 0 0 0 1 3 4
C L : 0 0 0 0 1 3 6
C L : 0 0 0 0 0 5 7
C L : 0 0 0 0 1 8 7
C L : 0 0 0 0 5 7 3
C L : 0 0 0 0 1 8 7
C L : 0 0 0 2 4 9 8
C L : 0 0 0 0 1 3 6
C L : 0 0 0 0 0 5 7
C L : 0 0 0 0 5 7 3
C L : 0 0 0 0 1 3 6
C L : 0 0 0 0 0 5 7
C L : 0 0 0 0 1 3 6
C L : 0 0 0 0 0 5 7
C L : 0 0 0 0 1 3 4
C L : 0 0 0 0 1 3 4
C L : 0 0 0 2 3 3 4
C L : 0 0 0 2 3 3 4
C L : 0 0 0 2 3 3 4
C L : 0 0 0 0 1 3 6
C L : 0 0 0 0 1 3 6
C L : 0 0 0 0 1 3 6
C L : 0 0 0 0 0 5 7
C L : 0 0 0 0 1 3 6
C L : 0 0 0 0 1 3 6
C L : 0 0 0 0 1 3 6
C L : 0 0 0 0 0 5 7
C L : 0 0 0 0 5 7 3
C L : 0 0 0 2 4 9 2
C L : 0 0 0 2 3 3 4
C L : 0 0 0 0 1 3 6
C L : 0 0 0 0 1 3 6
C L : 0 0 0 2 3 3 4
C L : 0 0 0 2 3 3 4
C L : 0 0 0 2 3 3 4
C L : 0 0 0 2 3 3 4
C L : 0 0 0 0 1 3 6
C L : 0 0 0 0 1 3 6
C L : 0 0 0 0 1 3 6
C L : 0 0 0 0 1 3 6
C L : 0 0 0 0 1 3 6
C L : 0 0 0 2 3 7 1
C L : 0 0 0 2 4 8 8
C L : 0 0 0 2 3 3 4
C L : 0 0 0 2 3 3 4
C L : 0 0 0 2 3 3 4
C L : 0 0 0 0 1 3 6
C L : 0 0 0 2 3 3 4
C L : 0 0 0 0 1 3 6
C L : 0 0 0 0 1 3 6
C L : 0 0 0 2 3 3 4
C L : 0 0 0 2 3 3 4
C L : 0 0 0 2 3 3 4
C L : 0 0 0 2 3 3 4
C L : 0 0 0 0 1 8 7
C L : 0 0 0 0 0 5 7
C L : 0 0 0 0 1 3 6
C L : 0 0 0 0 1 3 6
C L : 0 0 0 0 2 3 2
C L : 0 0 0 0 2 3 2
C L : 0 0 0 0 5 4 0
C L : 0 0 0 0 5 2 6
C L : 0 0 0 0 1 2 5
C L : 0 0 0 0 0 9 9
C L : 0 0 0 0 5 4 0
C L : 0 0 0 0 5 4 0
C L : 0 0 0 0 5 4 0
C L : 0 0 0 0 7 0 0
C L : 0 0 0 0 5 4 0
C L : 0 0 0 0 7 0 0
C L : 0 0 0 0 5 4 0
C L : 0 0 0 0 0 1 9
C L : 0 0 0 0 0 1 9
C L : 0 0 0 0 2 3 2
C L : 0 0 0 0 2 3 2
C L : 0 0 0 0 7 3 8
C L : 0 0 0 0 5 5 8
C L : 0 0 0 0 2 3 2
C L : 0 0 0 0 5 5 8
C L : 0 0 0 0 2 3 2
C L : 0 0 0 0 5 5 8
C L : 0 0 0 0 2 3 2
C L : 0 0 0 0 2 3 2
C L : 0 0 0 0 0 6 6
C L : 0 0 0 0 5 4 0
C L : 0 0 0 0 2 3 2
C L : 0 0 0 0 0 5 7
C L : 0 0 0 0 0 2 5
C L : 0 0 0 0 2 3 2
C L : 0 0 0 0 0 5 7
C L : 0 0 0 0 2 3 2
C L : 0 0 0 0 2 3 2
C L : 0 0 0 0 0 8 4
C L : 0 0 0 0 0 8 4
C L : 0 0 0 0 0 9 7
C L : 0 0 0 0 0 9 7
C L : 0 0 0 0 0 9 7
C L : 0 0 0 0 5 4 2
C L : 0 0 0 0 5 4 2
C L : 0 0 0 0 0 8 4
C L : 0 0 0 0 0 8 4
C L : 0 0 0 0 0 2 5
C L : 0 0 0 0 5 4 5
C L : 0 0 0 0 5 7 6
C L : 0 0 0 0 5 7 3
C L : 0 0 0 0 5 4 0
C L : 0 0 0 0 8 9 3
C L : 0 0 0 0 8 9 3
C L : 0 0 0 0 0 3 4
C L : 0 0 0 0 8 9 3
C L : 0 0 0 0 8 9 3
C L : 0 0 0 0 8 9 3
C L : 0 0 0 0 0 8 4
C L : 0 0 0 0 5 8 6
C L : 0 0 0 0 1 3 6
C L : 0 0 0 0 1 8 7
C L : 0 0 0 0 1 3 6
C L : 0 0 0 2 4 9 2
C L : 0 0 0 0 2 5 5
C L : 0 0 0 2 4 9 2
C L : 0 0 0 2 4 9 2
C L : 0 0 0 0 5 7 6
C L : 0 0 0 0 2 3 5
C L : 0 0 0 0 2 3 5
C L : 0 0 0 0 5 7 6
C L : 0 0 0 0 2 3 2
C L : 0 0 0 0 2 3 2
C L : 0 0 0 0 5 2 6
C L : 0 0 0 0 1 0 3
C L : 0 0 0 0 6 5 3
C L : 0 0 0 0 6 5 3
C L : 0 0 0 0 6 5 3
C L : 0 0 0 0 0 2 5
C L : 0 0 0 0 5 1 2
C L : 0 0 0 0 5 1 2
C L : 0 0 0 0 0 9 2
C L : 0 0 0 0 0 6 2
C L : 0 0 0 0 2 3 2
C L : 0 0 0 0 7 3 8
C L : 0 0 0 0 2 3 3
C L : 0 0 0 0 2 3 3
C L : 0 0 0 0 0 8 4
C L : 0 0 0 0 0 8 4
C L : 0 0 0 0 0 1 9
C L : 0 0 0 0 7 2 2
C L : 0 0 0 0 5 2 5
C L : 0 0 0 0 7 2 2
C L : 0 0 0 0 0 0 1
C L : 0 0 0 0 0 5 9
C L : 0 0 0 0 0 2 5
C L : 0 0 0 0 0 1 9
C L : 0 0 0 0 1 3 6
C L : 0 0 0 0 0 5 7
C L : 0 0 0 0 1 3 6
C L : 0 0 0 0 1 3 6
C L : 0 0 0 0 1 3 6
C L : 0 0 0 0 1 3 6
C L : 0 0 0 0 1 3 6
C L : 0 0 0 0 1 3 6
C L : 0 0 0 0 1 3 6
C L : 0 0 0 0 1 3 6
C L : 0 0 0 0 1 3 6
C L : 0 0 0 0 1 3 6
C L : 0 0 0 0 1 3 6
C L : 0 0 0 0 1 3 6
C L : 0 0 0 0 1 3 6
C L : 0 0 0 0 6 5 5
C L : 0 0 0 0 1 3 6
C L : 0 0 0 0 1 3 6
C L : 0 0 0 0 1 3 6
C L : 0 0 0 0 1 3 6
C L : 0 0 0 0 1 3 6
C L : 0 0 0 0 1 3 6
C L : 0 0 0 0 1 3 6
C L : 0 0 0 0 1 3 6
C L : 0 0 0 0 1 3 6
C L : 0 0 0 0 1 3 6
C L : 0 0 0 0 1 3 6
C L : 0 0 0 0 0 5 7
C L : 0 0 0 0 0 5 7
C L : 0 0 0 0 0 5 7
C L : 0 0 0 0 0 8 4
C L : 0 0 0 0 1 3 6
C L : 0 0 0 0 1 3 6
C L : 0 0 0 0 1 3 6
C L : 0 0 0 0 1 3 6
C L : 0 0 0 0 1 3 6
C L : 0 0 0 0 1 3 4
C L : 0 0 0 0 1 3 6
C L : 0 0 0 0 0 3 4
C L : 0 0 0 0 1 3 6
C L : 0 0 0 0 0 8 4
C L : 0 0 0 0 1 3 6
C L : 0 0 0 0 0 1 7
C L : 0 0 0 0 0 1 9
C L : 0 0 0 0 0 1 7
C L : 0 0 0 0 0 1 9
C L : 0 0 0 0 0 1 9
C L : 0 0 0 0 1 1 5
C L : 0 0 0 0 0 1 9
C L : 0 0 0 0 0 1 9
C L : 0 0 0 0 0 1 9
C L : 0 0 0 0 0 1 9
C L : 0 0 0 0 0 1 9
C L : 0 0 0 0 0 1 9
C L : 0 0 0 0 0 1 9
C L : 0 0 0 0 0 1 9
C L : 0 0 0 0 0 1 9
C L : 0 0 0 0 0 2 3
C L : 0 0 0 0 0 2 3
C L : 0 0 0 0 5 4 2
C L : 0 0 0 0 4 9 9
C L : 0 0 0 0 2 3 5
C L : 0 0 0 0 0 2 3
C L : 0 0 0 0 0 1 9
C L : 0 0 0 0 5 7 6
C L : 0 0 0 0 2 3 5
C L : 0 0 0 2 3 6 5
C L : 0 0 0 0 3 1 2
C L : 0 0 0 0 7 3 8
C L : 0 0 0 0 1 2 9
C L : 0 0 0 0 3 0 0
C L : 0 0 0 0 1 2 9
C L : 0 0 0 0 5 4 0
C L : 0 0 0 0 5 4 0
C L : 0 0 0 0 7 3 8
C L : 0 0 0 0 1 2 9
C L : 0 0 0 0 1 2 7
C L : 0 0 0 2 1 2 9
C L : 0 0 0 0 5 8 6
C L : 0 0 0 0 0 1 9
C L : 0 0 0 0 0 2 3
C L : 0 0 0 0 3 6 5
C L : 0 0 0 0 3 0 0
C L : 0 0 0 0 5 8 6
C L : 0 0 0 0 6 7 0
C L : 0 0 0 0 6 7 0
C L : 0 0 0 0 6 7 0
C L : 0 0 0 0 5 8 6
C L : 0 0 0 0 3 0 0
C L : 0 0 0 0 3 6 5
C L : 0 0 0 0 6 7 0
C L : 0 0 0 0 5 8 6
C L : 0 0 0 0 6 7 0
C L : 0 0 0 0 6 7 0
C L : 0 0 0 0 6 7 0
C L : 0 0 0 0 0 2 3
C L : 0 0 0 0 3 0 0
C L : 0 0 0 0 6 7 0
C L : 0 0 0 0 3 0 0
C L : 0 0 0 0 3 0 0
C L : 0 0 0 0 0 2 3
C L : 0 0 0 0 0 2 3
C L : 0 0 0 0 0 2 3
C L : 0 0 0 0 0 1 9
C L : 0 0 0 0 0 1 9
C L : 0 0 0 0 0 1 9
C L : 0 0 0 0 4 8 1
C L : 0 0 0 2 3 7 1
C L : 0 0 0 0 5 8 6
C L : 0 0 0 0 6 7 0
C L : 0 0 0 0 0 1 9
C L : 0 0 0 0 0 1 9
C L : 0 0 0 0 0 1 9
C L : 0 0 0 0 5 4 2
C L : 0 0 0 0 0 8 1
C L : 0 0 0 0 0 1 9
C L : 0 0 0 0 0 1 9
C L : 0 0 0 0 3 2 2
C L : 0 0 0 0 5 8 6
C L : 0 0 0 0 1 1 5
C L : 0 0 0 0 0 6 2
C L : 0 0 0 0 0 5 7
C L : 0 0 0 2 4 9 7
C L : 0 0 0 0 0 6 2
C L : 0 0 0 0 1 3 4
C L : 0 0 0 0 0 1 9
C L : 0 0 0 0 1 3 6
C L : 0 0 0 0 1 8 2
C L : 0 0 0 0 1 0 3
C L : 0 0 0 0 0 2 5
C L : 0 0 0 0 0 6 2
C L : 0 0 0 0 0 2 5
C L : 0 0 0 0 0 2 5
C L : 0 0 0 0 0 2 5
C L : 0 0 0 0 7 3 8
C L : 0 0 0 0 0 8 2
C L : 0 0 0 0 1 6 9
C L : 0 0 0 2 4 8 7
C L : 0 0 0 0 1 6 9
C L : 0 0 0 0 7 9 5
C L : 0 0 0 0 5 2 6
C L : 0 0 0 0 2 3 6
C L : 0 0 0 0 6 0 5
C L : 0 0 0 0 6 0 5
C L : 0 0 0 0 1 2 9
C L : 0 0 0 0 0 3 4
C L : 0 0 0 0 0 5 7
C L : 0 0 0 0 0 6 2
C L : 0 0 0 0 1 3 7
C L : 0 0 0 0 1 3 7
C L : 0 0 0 0 0 3 2
C L : 0 0 0 0 5 4 0
C L : 0 0 0 0 5 4 0
C L : 0 0 0 0 5 4 0
C L : 0 0 0 0 0 6 6
C L : 0 0 0 0 1 3 6
C L : 0 0 0 2 1 7 3
C L : 0 0 0 0 1 8 7
C L : 0 0 0 0 7 3 8
C L : 0 0 0 0 1 8 7
C L : 0 0 0 0 1 3 4
C L : 0 0 0 0 1 8 7
C L : 0 0 0 0 1 3 6
C L : 0 0 0 0 0 5 7
C L : 0 0 0 0 1 3 4
C L : 0 0 0 0 1 3 4
C L : 0 0 0 2 3 3 4
C L : 0 0 0 0 1 3 6
C L : 0 0 0 0 1 3 6
C L : 0 0 0 0 1 3 6
C L : 0 0 0 2 4 9 2
C L : 0 0 0 0 1 3 6
C L : 0 0 0 0 1 3 6
C L : 0 0 0 0 1 3 6
C L : 0 0 0 0 1 3 6
C L : 0 0 0 0 1 3 6
C L : 0 0 0 0 1 3 6
C L : 0 0 0 2 3 7 1
C L : 0 0 0 2 3 3 4
C L : 0 0 0 0 1 3 6
C L : 0 0 0 0 1 3 6
C L : 0 0 0 0 1 3 6
C L : 0 0 0 2 3 3 4
C L : 0 0 0 2 3 3 4
C L : 0 0 0 2 3 3 4
C L : 0 0 0 0 1 8 7
C L : 0 0 0 0 0 5 7
C L : 0 0 0 0 1 3 6
C L : 0 0 0 0 1 3 6
C L : 0 0 0 0 2 3 2
C L : 0 0 0 0 2 3 2
C L : 0 0 0 0 5 4 0
