S O : 0 0 0 0 1 7 2
S O : 0 0 0 0 7 0 4
S O : 0 0 0 1 0 2 6
S O : 0 0 0 1 0 2 6
S O : 0 0 0 1 0 6 0
S O : 0 0 0 1 0 2 6
S O : 0 0 0 0 7 0 4
S O : 0 0 0 0 7 0 4
S O : 0 0 0 0 7 0 4
S O : 0 0 0 0 7 0 4
S O : 0 0 0 0 7 0 4
S O : 0 0 0 0 7 0 4
S O : 0 0 0 0 7 0 4
S O : 0 0 0 0 7 0 4
S O : 0 0 0 0 7 0 4
S O : 0 0 0 0 7 0 4
S O : 0 0 0 0 7 0 4
S O : 0 0 0 0 7 0 4
S O : 0 0 0 0 7 0 4
S O : 0 0 0 0 7 0 4
S O : 0 0 0 0 7 0 4
S O : 0 0 0 0 7 0 4
S O : 0 0 0 0 7 0 4
S O : 0 0 0 0 7 0 4
S O : 0 0 0 0 7 0 4
S O : 0 0 0 1 0 2 6
S O : 0 0 0 1 0 2 6
S O : 0 0 0 0 7 0 4
S O : 0 0 0 0 7 0 4
S O : 0 0 0 0 7 0 4
S O : 0 0 0 0 7 0 4
S O : 0 0 0 0 7 0 4
S O : 0 0 0 0 7 0 4
S O : 0 0 0 0 7 0 4
S O : 0 0 0 0 7 0 4
S O : 0 0 0 0 7 0 4
S O : 0 0 0 0 7 0 4
S O : 0 0 0 0 7 0 4
S O : 0 0 0 0 7 0 4
S O : 0 0 0 0 7 0 4
S O : 0 0 0 0 7 0 4
S O : 0 0 0 0 7 0 4
S O : 0 0 0 0 7 0 4
S O : 0 0 0 0 7 0 4
S O : 0 0 0 0 7 0 4
S O : 0 0 0 0 7 0 4
S O : 0 0 0 1 0 2 6
S O : 0 0 0 1 0 2 6
S O : 0 0 0 0 7 0 4
S O : 0 0 0 0 7 0 4
S O : 0 0 0 0 7 0 4
S O : 0 0 0 0 7 0 4
S O : 0 0 0 0 7 0 4
S O : 0 0 0 0 7 0 4
S O : 0 0 0 0 7 0 4
S O : 0 0 0 0 7 0 4
S O : 0 0 0 0 7 0 4
S O : 0 0 0 0 0 8 0
S O : 0 0 0 1 0 2 6
S O : 0 0 0 0 7 0 4
S O : 0 0 0 0 7 0 4
S O : 0 0 0 0 7 0 4
S O : 0 0 0 0 2 3 5
S O : 0 0 0 0 7 0 4
S O : 0 0 0 1 0 2 6
S O : 0 0 0 0 7 7 1
S O : 0 0 0 1 0 2 6
S O : 0 0 0 0 0 5 2
S O : 0 0 0 0 0 8 0
S O : 0 0 0 1 0 2 6
S O : 0 0 0 1 0 2 6
S O : 0 0 0 0 7 0 4
S O : 0 0 0 1 0 2 6
S O : 0 0 0 0 7 0 4
S O : 0 0 0 0 7 0 4
S O : 0 0 0 0 7 0 4
S O : 0 0 0 1 0 2 3
S O : 0 0 0 0 7 0 4
S O : 0 0 0 0 7 0 4
S O : 0 0 0 0 7 0 4
S O : 0 0 0 0 7 0 4
S O : 0 0 0 0 7 0 4
S O : 0 0 0 0 2 3 5
S O : 0 0 0 1 8 5 8
S O : 0 0 0 1 0 2 6
S O : 0 0 0 1 8 5 8
S O : 0 0 0 1 4 3 4
S O : 0 0 0 0 6 5 8
S O : 0 0 0 0 0 3 6
S O : 0 0 0 1 8 9 7
S O : 0 0 0 1 8 8 0
S O : 0 0 0 0 7 0 4
S O : 0 0 0 0 4 0 9
S O : 0 0 0 0 2 7 9
S O : 0 0 0 0 7 0 4
S O : 0 0 0 1 0 2 6
S O : 0 0 0 0 7 0 4
S O : 0 0 0 0 7 0 4
S O : 0 0 0 1 0 2 6
S O : 0 0 0 1 0 2 6
S O : 0 0 0 0 7 0 4
S O : 0 0 0 0 7 0 4
S O : 0 0 0 0 7 0 4
S O : 0 0 0 0 7 0 4
S O : 0 0 0 0 7 0 4
S O : 0 0 0 0 7 0 4
S O : 0 0 0 0 7 0 4
S O : 0 0 0 0 7 0 4
S O : 0 0 0 0 2 4 3
S O : 0 0 0 1 8 5 8
S O : 0 0 0 0 7 0 4
S O : 0 0 0 1 8 5 8
S O : 0 0 0 1 8 5 8
S O : 0 0 0 0 7 0 4
S O : 0 0 0 1 8 5 8
S O : 0 0 0 1 8 5 8
S O : 0 0 0 1 0 2 6
S O : 0 0 0 1 8 5 8
S O : 0 0 0 1 8 5 8
S O : 0 0 0 0 7 0 4
S O : 0 0 0 1 8 5 8
S O : 0 0 0 0 7 0 4
S O : 0 0 0 0 7 0 4
S O : 0 0 0 1 0 2 6
S O : 0 0 0 0 7 0 4
S O : 0 0 0 1 0 2 6
S O : 0 0 0 1 0 2 6
S O : 0 0 0 0 7 0 4
S O : 0 0 0 0 7 0 4
S O : 0 0 0 0 7 0 4
S O : 0 0 0 0 7 0 4
S O : 0 0 0 0 7 0 4
S O : 0 0 0 1 8 5 8
S O : 0 0 0 0 7 0 4
S O : 0 0 0 0 7 0 4
S O : 0 0 0 0 7 0 4
S O : 0 0 0 0 7 0 4
S O : 0 0 0 0 7 0 4
S O : 0 0 0 1 8 8 0
S O : 0 0 0 0 7 0 4
S O : 0 0 0 0 4 0 9
S O : 0 0 0 0 7 0 4
S O : 0 0 0 0 7 0 4
S O : 0 0 0 1 0 2 6
S O : 0 0 0 1 0 2 6
S O : 0 0 0 0 3 5 7
S O : 0 0 0 0 7 0 4
S O : 0 0 0 1 0 2 6
S O : 0 0 0 0 1 8 0
S O : 0 0 0 1 0 2 6
S O : 0 0 0 0 7 0 4
S O : 0 0 0 0 7 0 4
S O : 0 0 0 0 7 0 4
S O : 0 0 0 1 0 2 6
S O : 0 0 0 0 7 0 4
S O : 0 0 0 0 7 0 4
S O : 0 0 0 1 0 2 6
S O : 0 0 0 0 7 0 4
S O : 0 0 0 1 0 2 6
S O : 0 0 0 0 7 0 4
S O : 0 0 0 1 0 2 6
S O : 0 0 0 0 7 0 4
S O : 0 0 0 1 0 2 6
S O : 0 0 0 0 7 0 4
S O : 0 0 0 0 7 0 4
S O : 0 0 0 0 7 0 4
S O : 0 0 0 0 7 0 4
S O : 0 0 0 0 7 0 4
S O : 0 0 0 0 7 0 4
S O : 0 0 0 0 6 7 3
S O : 0 0 0 0 7 0 4
S O : 0 0 0 0 7 0 4
S O : 0 0 0 0 7 0 4
S O : 0 0 0 0 7 0 4
S O : 0 0 0 0 6 7 3
S O : 0 0 0 0 7 0 4
S O : 0 0 0 0 7 0 4
S O : 0 0 0 0 7 0 4
S O : 0 0 0 0 7 0 4
S O : 0 0 0 0 7 0 4
S O : 0 0 0 0 7 0 4
S O : 0 0 0 0 7 0 4
S O : 0 0 0 0 7 0 4
S O : 0 0 0 0 7 0 4
S O : 0 0 0 0 7 0 4
S O : 0 0 0 0 6 7 3
S O : 0 0 0 0 7 0 4
S O : 0 0 0 0 7 0 4
S O : 0 0 0 0 7 0 4
S O : 0 0 0 0 7 0 4
S O : 0 0 0 0 7 0 4
S O : 0 0 0 0 7 0 4
S O : 0 0 0 0 7 0 4
S O : 0 0 0 0 7 0 4
S O : 0 0 0 0 7 0 4
S O : 0 0 0 0 7 0 4
S O : 0 0 0 0 7 0 4
S O : 0 0 0 0 6 7 3
S O : 0 0 0 0 7 0 4
S O : 0 0 0 0 8 5 3
S O : 0 0 0 0 7 0 4
S O : 0 0 0 1 2 4 7
S O : 0 0 0 1 0 2 6
S O : 0 0 0 0 7 0 4
S O : 0 0 0 0 7 0 4
S O : 0 0 0 0 7 0 4
S O : 0 0 0 1 0 2 6
S O : 0 0 0 0 7 0 4
S O : 0 0 0 0 7 0 4
S O : 0 0 0 0 7 0 4
S O : 0 0 0 0 6 7 3
S O : 0 0 0 0 7 0 4
S O : 0 0 0 0 7 0 4
S O : 0 0 0 0 7 0 4
S O : 0 0 0 0 7 0 4
S O : 0 0 0 0 7 0 4
S O : 0 0 0 0 7 0 4
S O : 0 0 0 0 7 0 4
S O : 0 0 0 0 7 0 4
S O : 0 0 0 0 7 0 4
S O : 0 0 0 0 7 0 4
S O : 0 0 0 0 7 0 4
S O : 0 0 0 0 7 0 4
S O : 0 0 0 0 7 0 4
S O : 0 0 0 0 7 0 4
S O : 0 0 0 0 7 0 4
S O : 0 0 0 0 1 2 1
S O : 0 0 0 0 1 3 2
S O : 0 0 0 0 7 0 4
S O : 0 0 0 0 0 2 8
S O : 0 0 0 1 0 2 6
S O : 0 0 0 0 6 7 3
S O : 0 0 0 0 6 7 3
S O : 0 0 0 0 7 0 4
S O : 0 0 0 0 7 0 4
S O : 0 0 0 0 7 0 4
S O : 0 0 0 0 1 1 2
S O : 0 0 0 0 6 7 3
S O : 0 0 0 0 7 0 4
S O : 0 0 0 0 1 1 2
S O : 0 0 0 0 1 1 2
S O : 0 0 0 0 7 0 4
S O : 0 0 0 0 1 1 2
S O : 0 0 0 0 0 2 8
S O : 0 0 0 0 7 0 4
S O : 0 0 0 0 7 0 4
S O : 0 0 0 1 0 2 6
S O : 0 0 0 0 7 0 4
S O : 0 0 0 0 7 0 4
S O : 0 0 0 0 7 0 4
S O : 0 0 0 0 7 0 4
S O : 0 0 0 0 7 0 4
S O : 0 0 0 0 7 0 4
S O : 0 0 0 0 7 0 4
S O : 0 0 0 0 7 0 4
S O : 0 0 0 0 7 0 4
S O : 0 0 0 0 7 0 4
S O : 0 0 0 0 7 0 4
S O : 0 0 0 0 7 0 4
S O : 0 0 0 0 7 0 4
S O : 0 0 0 0 7 0 4
S O : 0 0 0 0 7 0 4
S O : 0 0 0 0 7 0 4
S O : 0 0 0 0 7 0 4
S O : 0 0 0 1 0 2 6
S O : 0 0 0 1 3 0 3
S O : 0 0 0 0 7 0 4
S O : 0 0 0 0 7 0 4
S O : 0 0 0 1 0 2 6
S O : 0 0 0 0 6 9 4
S O : 0 0 0 0 7 0 4
S O : 0 0 0 0 7 0 4
S O : 0 0 0 0 7 7 1
S O : 0 0 0 1 0 2 6
S O : 0 0 0 0 6 9 4
S O : 0 0 0 1 6 4 5
S O : 0 0 0 0 6 9 4
S O : 0 0 0 0 1 4 7
S O : 0 0 0 0 7 0 4
S O : 0 0 0 0 7 0 4
S O : 0 0 0 0 6 9 4
S O : 0 0 0 1 0 2 6
S O : 0 0 0 0 7 0 4
S O : 0 0 0 0 7 0 4
S O : 0 0 0 1 0 2 3
S O : 0 0 0 1 0 2 6
S O : 1 0 0 0 0 2 1
S O : 0 0 0 0 4 1 7
S O : 0 0 0 1 0 2 6
S O : 0 0 0 1 0 2 4
S O : 0 0 0 1 0 2 6
S O : 0 0 0 0 8 5 5
S O : 0 0 0 0 4 1 7
S O : 0 0 0 1 0 7 7
S O : 0 0 0 0 4 1 7
S O : 0 0 0 0 4 1 7
S O : 0 0 0 0 4 1 7
S O : 0 0 0 0 8 5 7
S O : 0 0 0 0 4 1 7
S O : 0 0 0 0 4 1 7
S O : 0 0 0 0 7 3 0
S O : 0 0 0 0 7 0 4
S O : 0 0 0 0 7 0 4
S O : 0 0 0 0 4 1 7
S O : 0 0 0 0 7 0 4
S O : 0 0 0 0 7 0 4
S O : 0 0 0 0 8 5 7
S O : 0 0 0 0 4 1 7
S O : 0 0 0 0 4 1 7
S O : 0 0 0 1 0 2 6
S O : 0 0 0 0 6 9 4
S O : 0 0 0 0 7 0 4
S O : 0 0 0 0 4 0 9
S O : 0 0 0 1 1 1 7
S O : 0 0 0 0 8 5 7
S O : 0 0 0 0 4 1 7
S O : 0 0 0 0 7 0 4
S O : 0 0 0 1 0 2 3
S O : 0 0 0 0 7 0 4
S O : 0 0 0 0 7 0 4
S O : 0 0 0 1 0 2 6
S O : 0 0 0 0 7 0 4
S O : 0 0 0 0 6 7 3
S O : 0 0 0 0 6 7 3
S O : 0 0 0 0 6 7 3
S O : 0 0 0 0 7 0 4
S O : 0 0 0 0 7 0 4
S O : 0 0 0 0 7 0 4
S O : 0 0 0 0 6 7 3
S O : 0 0 0 0 9 8 4
S O : 0 0 0 1 8 3 1
S O : 0 0 0 0 1 6 7
S O : 0 0 0 0 7 0 4
S O : 0 0 0 0 7 0 4
S O : 0 0 0 0 7 0 4
S O : 0 0 0 0 1 1 2
S O : 0 0 0 0 7 0 4
S O : 0 0 0 0 7 0 4
S O : 0 0 0 0 1 1 2
S O : 0 0 0 0 0 0 6
S O : 0 0 0 0 1 1 2
S O : 0 0 0 0 0 0 6
S O : 0 0 0 0 1 1 2
S O : 0 0 0 0 1 1 2
S O : 0 0 0 0 0 0 6
S O : 0 0 0 0 6 7 3
S O : 0 0 0 0 6 7 3
S O : 0 0 0 1 0 6 0
S O : 0 0 0 0 7 0 4
S O : 0 0 0 0 0 0 8
S O : 0 0 0 0 7 0 4
S O : 0 0 0 0 7 0 4
S O : 0 0 0 0 7 0 4
S O : 0 0 0 0 7 0 4
S O : 0 0 0 0 6 7 3
S O : 0 0 0 0 6 7 3
S O : 0 0 0 0 6 7 3
S O : 0 0 0 0 6 7 3
S O : 0 0 0 0 6 7 3
S O : 0 0 0 1 0 6 0
S O : 0 0 0 1 0 6 0
S O : 0 0 0 0 4 1 7
S O : 0 0 0 0 4 1 7
S O : 0 0 0 1 0 6 0
S O : 0 0 0 0 8 5 2
S O : 0 0 0 0 6 7 3
S O : 0 0 0 0 7 0 4
S O : 0 0 0 0 6 7 3
S O : 0 0 0 0 6 7 3
S O : 0 0 0 0 7 0 4
S O : 0 0 0 0 7 0 4
S O : 0 0 0 0 7 0 4
S O : 0 0 0 0 7 0 4
S O : 0 0 0 0 7 0 4
S O : 0 0 0 0 7 0 4
S O : 0 0 0 1 0 3 2
S O : 0 0 0 0 7 0 4
S O : 0 0 0 0 7 0 4
S O : 0 0 0 0 7 0 4
S O : 0 0 0 0 7 0 4
S O : 0 0 0 0 7 0 4
S O : 0 0 0 0 7 0 4
S O : 0 0 0 0 6 9 4
S O : 0 0 0 0 7 0 4
S O : 0 0 0 0 7 0 4
S O : 0 0 0 0 7 0 4
S O : 0 0 0 0 4 1 7
S O : 0 0 0 0 4 1 7
S O : 0 0 0 0 1 2 1
S O : 0 0 0 0 4 1 7
S O : 0 0 0 0 1 6 7
S O : 0 0 0 1 0 6 0
S O : 0 0 0 1 0 6 0
S O : 0 0 0 1 0 6 0
S O : 0 0 0 0 7 0 4
S O : 0 0 0 0 8 5 3
S O : 0 0 0 0 6 7 3
S O : 0 0 0 0 6 7 3
S O : 0 0 0 1 0 2 6
S O : 0 0 0 0 7 0 4
S O : 0 0 0 0 7 0 4
S O : 0 0 0 0 7 0 4
S O : 0 0 0 0 6 9 4
S O : 0 0 0 0 7 0 4
S O : 0 0 0 0 7 0 4
S O : 0 0 0 0 7 0 4
S O : 0 0 0 0 7 0 4
S O : 0 0 0 0 2 7 6
S O : 0 0 0 0 2 0 5
S O : 0 0 0 0 7 0 4
S O : 0 0 0 0 7 0 4
S O : 0 0 0 0 2 7 6
S O : 0 0 0 0 2 0 5
S O : 0 0 0 0 6 1 0
S O : 0 0 0 0 0 4 3
S O : 0 0 0 0 2 7 6
S O : 0 0 0 0 2 7 6
S O : 0 0 0 0 2 7 6
S O : 0 0 0 0 2 7 6
S O : 0 0 0 0 2 4 3
S O : 0 0 0 0 2 7 6
S O : 0 0 0 0 2 7 6
S O : 0 0 0 0 7 0 4
S O : 0 0 0 0 2 7 6
S O : 0 0 0 0 7 0 4
S O : 0 0 0 0 2 7 6
S O : 0 0 0 0 2 0 5
S O : 0 0 0 0 7 0 4
S O : 0 0 0 0 2 7 6
S O : 0 0 0 0 2 7 6
S O : 0 0 0 0 2 7 6
S O : 0 0 0 0 2 7 6
S O : 0 0 0 0 2 7 6
S O : 0 0 0 0 2 7 6
S O : 0 0 0 0 2 7 6
S O : 0 0 0 0 4 0 9
S O : 0 0 0 0 2 0 3
S O : 0 0 0 0 3 8 3
S O : 0 0 0 0 6 1 0
S O : 0 0 0 0 6 7 3
S O : 0 0 0 0 5 5 1
S O : 0 0 0 1 4 3 4
S O : 0 0 0 0 7 0 4
S O : 0 0 0 0 1 1 2
S O : 0 0 0 0 6 1 0
S O : 0 0 0 0 2 7 6
S O : 0 0 0 0 1 1 2
S O : 0 0 0 0 2 7 6
S O : 0 0 0 0 2 7 4
S O : 0 0 0 0 7 0 4
S O : 0 0 0 0 2 7 6
S O : 0 0 0 0 1 1 2
S O : 0 0 0 0 2 7 6
S O : 0 0 0 0 2 7 6
S O : 0 0 0 0 2 0 5
S O : 0 0 0 1 1 1 7
S O : 0 0 0 0 7 0 4
S O : 0 0 0 0 2 0 7
S O : 0 0 0 0 7 0 4
S O : 0 0 0 0 7 0 4
S O : 0 0 0 0 7 0 4
S O : 0 0 0 0 7 0 4
S O : 0 0 0 0 7 0 4
S O : 0 0 0 0 7 0 4
S O : 0 0 0 0 7 0 4
S O : 0 0 0 0 7 0 4
S O : 0 0 0 0 7 0 4
S O : 0 0 0 0 7 0 4
S O : 0 0 0 0 7 0 4
S O : 0 0 0 0 7 0 4
S O : 0 0 0 0 7 0 4
S O : 0 0 0 0 7 0 4
S O : 0 0 0 0 7 0 4
S O : 0 0 0 0 7 0 4
S O : 0 0 0 0 7 0 4
S O : 0 0 0 1 0 2 6
S O : 0 0 0 1 0 2 6
S O : 0 0 0 0 7 0 4
S O : 0 0 0 0 7 0 4
S O : 0 0 0 0 7 0 4
S O : 0 0 0 0 7 0 4
S O : 0 0 0 0 7 0 4
S O : 0 0 0 0 7 0 4
S O : 0 0 0 0 7 0 4
S O : 0 0 0 0 7 0 4
S O : 0 0 0 0 7 0 4
S O : 0 0 0 0 7 0 4
S O : 0 0 0 0 7 0 4
S O : 0 0 0 0 7 0 4
S O : 0 0 0 0 7 0 4
S O : 0 0 0 0 7 0 4
S O : 0 0 0 1 0 2 6
S O : 0 0 0 0 7 0 4
S O : 0 0 0 0 7 0 4
S O : 0 0 0 0 7 0 4
S O : 0 0 0 1 0 2 6
S O : 0 0 0 0 7 0 4
S O : 0 0 0 0 4 7 8
S O : 0 0 0 1 3 8 2
S O : 0 0 0 0 7 0 4
S O : 0 0 0 1 0 2 6
S O : 0 0 0 1 3 3 4
S O : 0 0 0 0 1 8 8
S O : 0 0 0 1 0 2 6
S O : 0 0 0 5 8 3 6
S O : 0 0 0 0 1 6 7
S O : 0 0 0 0 7 0 4
S O : 0 0 0 0 1 6 7
S O : 0 0 0 1 1 8 4
S O : 0 0 0 0 4 0 3
S O : 0 0 0 0 2 7 6
S O : 0 0 0 0 2 7 6
S O : 0 0 0 0 9 8 4
S O : 0 0 0 0 9 8 4
S O : 0 0 0 0 6 4 6
S O : 0 0 0 0 6 4 6
S O : 0 0 0 0 9 8 5
S O : 0 0 0 1 0 2 6
S O : 0 0 0 0 0 9 9
S O : 0 0 0 1 0 2 6
S O : 0 0 0 1 0 2 6
S O : 0 0 0 0 7 0 4
S O : 0 0 0 0 7 0 4
S O : 0 0 0 0 6 5 1
S O : 0 0 0 0 2 7 6
S O : 0 0 0 0 7 0 4
S O : 0 0 0 0 2 7 6
S O : 0 0 0 0 7 0 4
S O : 0 0 0 1 0 3 5
S O : 0 0 0 0 6 4 6
S O : 0 0 0 1 4 3 4
S O : 0 0 0 0 2 7 6
S O : 0 0 0 0 7 0 4
S O : 0 0 0 1 0 2 6
S O : 0 0 0 1 0 2 6
S O : 0 0 0 1 0 2 6
S O : 0 0 0 0 7 0 4
S O : 0 0 0 0 7 0 4
S O : 0 0 0 1 0 2 6
S O : 0 0 0 0 2 7 6
S O : 0 0 0 1 0 2 6
S O : 0 0 0 0 2 7 6
S O : 0 0 0 0 6 4 6
S O : 0 0 0 1 0 2 6
S O : 0 0 0 0 2 7 6
S O : 0 0 0 1 0 2 6
S O : 0 0 0 0 6 4 6
S O : 0 0 0 1 0 2 6
S O : 0 0 0 1 0 2 6
S O : 0 0 0 0 2 7 6
S O : 0 0 0 0 2 7 6
S O : 0 0 0 1 0 2 6
S O : 0 0 0 1 0 2 6
S O : 0 0 0 0 7 0 4
S O : 0 0 0 0 2 9 6
S O : 0 0 0 1 0 2 3
S O : 0 0 0 0 7 0 4
S O : 0 0 0 0 7 0 4
S O : 0 0 0 0 7 0 4
S O : 0 0 0 0 7 0 4
S O : 0 0 0 1 0 2 6
S O : 0 0 0 1 0 2 6
S O : 0 0 0 0 7 0 4
S O : 0 0 0 0 7 0 4
S O : 0 0 0 1 0 2 6
S O : 0 0 0 1 0 2 6
S O : 0 0 0 0 2 7 6
S O : 0 0 0 1 0 2 6
S O : 0 0 0 0 2 7 6
S O : 0 0 0 0 6 4 6
S O : 0 0 0 1 0 2 6
S O : 0 0 0 0 2 7 6
S O : 0 0 0 0 6 4 6
S O : 0 0 0 0 7 0 4
S O : 0 0 0 0 7 0 4
S O : 0 0 0 0 2 7 6
S O : 0 0 0 0 6 4 6
S O : 0 0 0 0 6 4 6
S O : 0 0 0 0 7 0 4
S O : 0 0 0 1 0 2 6
S O : 0 0 0 1 4 3 4
S O : 0 0 0 0 1 8 0
S O : 0 0 0 0 7 0 4
S O : 0 0 0 0 6 1 0
S O : 0 0 0 0 7 0 4
S O : 0 0 0 0 2 7 6
S O : 0 0 0 0 6 4 6
S O : 0 0 0 0 2 7 6
S O : 0 0 0 0 1 6 5
S O : 0 0 0 0 1 6 7
S O : 0 0 0 0 7 0 4
S O : 0 0 0 1 0 2 6
S O : 0 0 0 0 1 6 7
S O : 0 0 0 0 7 0 4
S O : 0 0 0 0 2 7 6
S O : 0 0 0 0 7 0 4
S O : 0 0 0 0 2 7 6
S O : 0 0 0 0 7 0 4
S O : 0 0 0 0 7 0 4
S O : 0 0 0 1 6 4 3
S O : 0 0 0 1 2 4 7
S O : 0 0 0 1 7 3 7
S O : 0 0 0 1 0 2 6
S O : 0 0 0 0 7 0 4
S O : 0 0 0 0 7 0 4
S O : 0 0 0 0 6 9 4
S O : 0 0 0 0 7 0 4
S O : 0 0 0 1 4 6 0
S O : 0 0 0 0 7 0 4
S O : 0 0 0 0 7 0 4
S O : 0 0 0 0 2 7 6
S O : 0 0 0 0 7 0 4
S O : 0 0 0 0 7 0 4
S O : 0 0 0 0 7 0 4
S O : 0 0 0 0 7 0 4
S O : 0 0 0 0 7 0 4
S O : 0 0 0 0 1 1 2
S O : 0 0 0 0 1 1 2
S O : 0 0 0 0 7 0 4
S O : 0 0 0 0 7 0 4
S O : 0 0 0 0 7 0 4
S O : 0 0 0 0 7 0 4
S O : 0 0 0 0 7 0 4
S O : 0 0 0 0 7 0 4
S O : 0 0 0 0 7 0 4
S O : 0 0 0 0 7 0 4
S O : 0 0 0 0 7 0 4
S O : 0 0 0 0 7 0 4
S O : 0 0 0 0 7 0 4
S O : 0 0 0 0 7 0 4
S O : 0 0 0 0 7 0 4
S O : 0 0 0 0 7 0 4
S O : 0 0 0 0 7 0 4
S O : 0 0 0 0 7 0 4
S O : 0 0 0 0 7 0 4
S O : 0 0 0 0 7 0 4
S O : 0 0 0 0 7 0 4
S O : 0 0 0 0 7 0 4
S O : 0 0 0 0 7 0 4
S O : 0 0 0 0 7 0 4
S O : 0 0 0 0 7 0 4
S O : 0 0 0 0 7 0 4
S O : 0 0 0 0 7 0 4
S O : 0 0 0 0 7 0 4
S O : 0 0 0 0 7 0 4
S O : 0 0 0 0 7 0 4
S O : 0 0 0 0 7 0 4
S O : 0 0 0 0 7 0 4
S O : 0 0 0 0 7 0 4
S O : 0 0 0 0 7 0 4
S O : 0 0 0 0 7 0 4
S O : 0 0 0 0 7 0 4
S O : 0 0 0 0 7 0 4
S O : 0 0 0 0 7 0 4
S O : 0 0 0 0 7 0 4
S O : 0 0 0 0 7 0 4
S O : 0 0 0 0 7 0 4
S O : 0 0 0 0 7 0 4
S O : 0 0 0 0 7 0 4
S O : 0 0 0 0 7 0 4
S O : 0 0 0 0 7 0 4
S O : 0 0 0 0 7 0 4
S O : 0 0 0 0 7 0 4
S O : 0 0 0 0 7 0 4
S O : 0 0 0 0 7 0 4
S O : 0 0 0 0 7 0 4
S O : 0 0 0 0 7 0 4
S O : 0 0 0 0 7 0 4
S O : 0 0 0 0 7 0 4
S O : 0 0 0 0 7 0 4
S O : 0 0 0 0 7 0 4
S O : 0 0 0 0 1 0 0
S O : 0 0 0 0 7 0 4
S O : 0 0 0 0 7 0 4
S O : 0 0 0 0 7 0 4
S O : 0 0 0 0 7 0 4
S O : 0 0 0 0 7 0 4
S O : 0 0 0 0 7 0 4
S O : 0 0 0 0 7 0 4
S O : 0 0 0 0 7 0 4
S O : 0 0 0 0 4 1 7
S O : 0 0 0 0 7 0 4
S O : 0 0 0 1 0 2 6
S O : 0 0 0 0 7 0 4
S O : 0 0 0 0 7 0 4
S O : 0 0 0 0 6 9 4
S O : 0 0 0 0 6 9 4
S O : 0 0 0 0 7 0 4
S O : 0 0 0 0 6 9 4
S O : 0 0 0 0 6 9 4
S O : 0 0 0 0 6 9 4
S O : 0 0 0 1 0 2 3
S O : 0 0 0 0 7 0 4
S O : 0 0 0 0 6 9 4
S O : 0 0 0 0 6 9 4
S O : 0 0 0 0 7 0 4
S O : 0 0 0 1 0 2 6
S O : 0 0 0 0 6 9 4
S O : 0 0 0 0 6 9 4
S O : 0 0 0 0 7 0 4
S O : 0 0 0 0 6 9 4
S O : 0 0 0 0 7 0 4
S O : 0 0 0 0 6 9 4
S O : 0 0 0 0 6 9 4
S O : 0 0 0 1 0 2 3
S O : 0 0 0 0 6 9 4
S O : 0 0 0 0 7 0 4
S O : 0 0 0 0 6 9 4
S O : 0 0 0 0 6 9 4
S O : 0 0 0 1 0 2 3
S O : 0 0 0 1 0 2 3
S O : 0 0 0 0 6 9 4
S O : 0 0 0 0 6 9 4
S O : 0 0 0 0 6 9 4
S O : 0 0 0 1 0 2 3
S O : 0 0 0 1 0 2 3
S O : 0 0 0 0 7 0 4
S O : 0 0 0 1 0 2 3
S O : 0 0 0 0 6 9 4
S O : 0 0 0 1 0 2 3
S O : 0 0 0 1 0 2 3
S O : 0 0 0 0 6 9 4
S O : 0 0 0 0 6 9 4
S O : 0 0 0 1 6 4 4
S O : 0 0 0 1 4 2 3
S O : 0 0 0 0 7 0 4
S O : 0 0 0 1 0 2 3
S O : 0 0 0 1 0 2 3
S O : 0 0 0 1 0 2 3
S O : 0 0 0 0 6 9 4
S O : 0 0 0 1 0 2 3
S O : 0 0 0 1 0 2 3
S O : 0 0 0 1 0 2 3
S O : 0 0 0 1 0 2 3
S O : 0 0 0 1 0 2 3
S O : 0 0 0 0 6 9 4
S O : 0 0 0 1 6 4 4
S O : 0 0 0 1 4 2 3
S O : 0 0 0 0 7 0 4
S O : 0 0 0 1 0 2 3
S O : 0 0 0 0 6 9 4
S O : 0 0 0 1 0 2 3
S O : 0 0 0 1 0 2 3
S O : 0 0 0 1 0 2 3
S O : 0 0 0 0 6 9 4
S O : 0 0 0 1 0 2 3
S O : 0 0 0 1 0 2 3
S O : 0 0 0 0 7 0 4
S O : 0 0 0 0 6 9 4
S O : 0 0 0 0 7 0 4
S O : 0 0 0 0 7 0 4
S O : 0 0 0 0 6 9 4
S O : 0 0 0 0 7 0 4
S O : 0 0 0 0 7 0 4
S O : 0 0 0 0 6 9 4
S O : 0 0 0 0 6 9 4
S O : 0 0 0 0 6 9 4
S O : 0 0 0 0 1 6 7
S O : 0 0 0 0 7 0 4
S O : 0 0 0 1 0 2 3
S O : 0 0 0 1 0 2 3
S O : 0 0 0 1 0 2 3
S O : 0 0 0 1 0 2 3
S O : 0 0 0 0 6 9 4
S O : 0 0 0 1 0 2 3
S O : 0 0 0 1 0 2 3
S O : 0 0 0 1 0 2 3
S O : 0 0 0 1 0 2 3
S O : 0 0 0 0 6 9 4
S O : 0 0 0 0 6 9 4
S O : 0 0 0 0 6 9 4
S O : 0 0 0 0 7 0 4
S O : 0 0 0 0 7 0 4
S O : 0 0 0 0 6 9 4
S O : 0 0 0 0 6 9 4
S O : 0 0 0 0 7 0 4
S O : 0 0 0 0 7 0 4
S O : 0 0 0 0 7 0 4
S O : 0 0 0 0 7 0 4
S O : 0 0 0 1 0 6 0
S O : 0 0 0 0 7 0 4
S O : 0 0 0 1 0 0 0
S O : 0 0 0 1 3 8 4
S O : 0 0 0 0 2 3 6
S O : 0 0 0 0 2 3 6
S O : 0 0 0 0 2 3 6
S O : 0 0 0 0 2 3 6
S O : 0 0 0 1 2 6 5
S O : 0 0 0 1 2 6 5
S O : 0 0 0 0 8 3 7
S O : 0 0 0 1 2 6 5
S O : 0 0 0 1 1 7 1
S O : 0 0 0 1 0 2 6
S O : 0 0 0 0 1 1 2
S O : 0 0 0 0 1 2 1
S O : 0 0 0 0 1 1 2
S O : 0 0 0 1 4 3 4
S O : 0 0 0 0 1 3 2
S O : 0 0 0 0 3 5 5
S O : 0 0 0 0 7 0 4
S O : 0 0 0 0 1 2 1
S O : 0 0 0 0 1 3 2
S O : 0 0 0 0 1 1 2
S O : 0 0 0 0 1 5 0
S O : 0 0 0 0 7 0 4
S O : 0 0 0 0 7 0 4
S O : 0 0 0 0 7 0 4
S O : 0 0 0 0 7 0 4
S O : 0 0 0 0 7 0 4
S O : 0 0 0 0 7 0 4
S O : 0 0 0 0 7 0 4
S O : 0 0 0 0 7 0 4
S O : 0 0 0 0 7 0 4
S O : 0 0 0 0 1 6 5
S O : 0 0 0 0 7 0 4
S O : 0 0 0 0 7 0 4
S O : 0 0 0 0 7 0 4
S O : 0 0 0 0 7 0 4
S O : 0 0 0 0 7 0 4
S O : 0 0 0 0 1 6 5
S O : 0 0 0 0 1 6 5
S O : 0 0 0 0 7 0 4
S O : 0 0 0 0 7 0 4
S O : 0 0 0 0 6 9 4
S O : 0 0 0 0 7 0 4
S O : 0 0 0 0 7 0 4
S O : 0 0 0 0 7 0 4
S O : 0 0 0 0 7 0 4
S O : 0 0 0 0 7 0 4
S O : 0 0 0 0 7 0 4
S O : 0 0 0 0 7 0 4
S O : 0 0 0 2 0 5 2
S O : 0 0 0 1 3 2 8
S O : 0 0 0 2 0 5 2
S O : 0 0 0 0 4 1 7
S O : 0 0 0 1 1 6 0
S O : 0 0 0 0 7 0 4
S O : 0 0 0 0 7 0 4
S O : 0 0 0 0 7 3 8
S O : 0 0 0 1 0 3 2
S O : 0 0 0 0 7 0 4
S O : 0 0 0 1 0 2 6
S O : 0 0 0 1 0 2 6
S O : 0 0 0 1 0 6 0
S O : 0 0 0 0 6 8 7
S O : 0 0 0 0 6 8 7
S O : 0 0 0 0 7 0 4
S O : 0 0 0 0 7 0 4
S O : 0 0 0 0 9 9 3
S O : 0 0 0 0 7 0 4
S O : 0 0 0 0 7 0 4
S O : 0 0 0 0 7 0 4
S O : 0 0 0 0 7 0 4
S O : 0 0 0 0 7 0 4
S O : 0 0 0 0 7 0 4
S O : 0 0 0 0 0 8 4
S O : 0 0 0 0 7 0 4
S O : 0 0 0 0 7 0 4
S O : 0 0 0 0 7 0 4
S O : 0 0 0 0 7 0 4
S O : 0 0 0 0 9 9 3
S O : 0 0 0 1 0 3 0
S O : 0 0 0 0 7 0 4
S O : 0 0 0 0 7 0 4
S O : 0 0 0 0 7 0 4
S O : 0 0 0 0 7 0 4
S O : 0 0 0 0 7 0 4
S O : 0 0 0 0 7 0 4
S O : 0 0 0 0 7 0 4
S O : 0 0 0 1 0 2 6
S O : 0 0 0 1 0 2 6
S O : 0 0 0 0 7 0 4
S O : 0 0 0 0 7 0 4
S O : 0 0 0 0 7 0 4
S O : 0 0 0 0 7 0 4
S O : 0 0 0 0 7 0 4
S O : 0 0 0 0 7 0 4
S O : 0 0 0 0 7 0 4
S O : 0 0 0 0 7 0 4
S O : 0 0 0 0 7 0 4
S O : 0 0 0 0 7 0 4
S O : 0 0 0 0 7 0 4
S O : 0 0 0 0 7 0 4
S O : 0 0 0 0 7 0 4
S O : 0 0 0 0 7 0 4
S O : 0 0 0 0 7 0 4
S O : 0 0 0 0 7 0 4
S O : 0 0 0 0 7 0 4
S O : 0 0 0 0 7 0 4
S O : 0 0 0 0 7 0 4
S O : 0 0 0 1 0 2 6
S O : 0 0 0 1 0 2 6
S O : 0 0 0 0 7 0 4
S O : 0 0 0 0 7 0 4
S O : 0 0 0 0 7 0 4
S O : 0 0 0 0 7 0 4
S O : 0 0 0 0 7 0 4
S O : 0 0 0 0 7 0 4
S O : 0 0 0 0 9 9 3
S O : 0 0 0 0 7 0 4
S O : 0 0 0 0 7 0 4
S O : 0 0 0 0 7 0 4
S O : 0 0 0 0 7 0 4
S O : 0 0 0 0 7 0 4
S O : 0 0 0 0 7 0 4
S O : 0 0 0 0 2 3 5
S O : 0 0 0 0 7 0 4
S O : 0 0 0 1 0 2 6
S O : 0 0 0 1 0 2 6
S O : 0 0 0 1 0 2 6
S O : 0 0 0 1 0 2 6
S O : 0 0 0 0 7 0 4
S O : 0 0 0 0 7 0 4
S O : 0 0 0 0 7 0 4
S O : 0 0 0 0 7 0 4
S O : 0 0 0 1 0 2 3
S O : 0 0 0 0 7 0 4
S O : 0 0 0 0 7 0 4
S O : 0 0 0 0 7 0 4
S O : 0 0 0 0 7 0 4
S O : 0 0 0 0 7 0 4
S O : 0 0 0 0 4 0 9
S O : 0 0 0 1 0 2 6
S O : 0 0 0 1 0 2 6
S O : 0 0 0 0 7 0 4
S O : 0 0 0 0 4 0 9
S O : 0 0 0 0 7 0 4
S O : 0 0 0 0 7 0 4
S O : 0 0 0 0 7 0 4
S O : 0 0 0 1 0 2 6
S O : 0 0 0 1 0 2 6
S O : 0 0 0 0 7 0 4
S O : 0 0 0 0 7 0 4
S O : 0 0 0 0 7 0 4
S O : 0 0 0 0 7 0 4
S O : 0 0 0 0 7 0 4
S O : 0 0 0 0 7 0 4
S O : 0 0 0 0 7 0 4
S O : 0 0 0 0 7 0 4
S O : 0 0 0 0 7 0 4
S O : 0 0 0 0 7 0 4
S O : 0 0 0 1 0 2 6
S O : 0 0 0 1 0 2 6
S O : 0 0 0 0 7 0 4
S O : 0 0 0 0 7 0 4
S O : 0 0 0 0 7 0 4
S O : 0 0 0 0 7 0 4
S O : 0 0 0 1 0 2 6
S O : 0 0 0 0 7 0 4
S O : 0 0 0 0 7 0 4
S O : 0 0 0 0 7 0 4
S O : 0 0 0 0 7 0 4
S O : 0 0 0 0 7 0 4
S O : 0 0 0 0 7 0 4
S O : 0 0 0 0 7 0 4
S O : 0 0 0 0 7 0 4
S O : 0 0 0 0 7 0 4
S O : 0 0 0 0 7 0 4
S O : 0 0 0 0 7 0 4
S O : 0 0 0 0 4 0 9
S O : 0 0 0 0 7 0 4
S O : 0 0 0 0 7 0 4
S O : 0 0 0 1 0 2 6
S O : 0 0 0 1 0 2 6
S O : 0 0 0 0 7 0 4
S O : 0 0 0 1 0 2 6
S O : 0 0 0 1 0 2 6
S O : 0 0 0 0 7 0 4
S O : 0 0 0 0 7 0 4
S O : 0 0 0 0 7 0 4
S O : 0 0 0 1 0 2 6
S O : 0 0 0 0 7 0 4
S O : 0 0 0 0 7 0 4
S O : 0 0 0 1 0 2 6
S O : 0 0 0 0 7 0 4
S O : 0 0 0 1 0 2 6
S O : 0 0 0 0 7 0 4
S O : 0 0 0 1 0 2 6
S O : 0 0 0 0 7 0 4
S O : 0 0 0 1 0 2 6
S O : 0 0 0 0 7 0 4
S O : 0 0 0 0 7 0 4
S O : 0 0 0 0 7 0 4
S O : 0 0 0 0 7 0 4
S O : 0 0 0 0 7 0 4
S O : 0 0 0 0 7 0 4
S O : 0 0 0 0 6 7 3
S O : 0 0 0 0 7 0 4
S O : 0 0 0 0 7 0 4
S O : 0 0 0 0 7 0 4
S O : 0 0 0 0 6 7 3
S O : 0 0 0 0 7 0 4
S O : 0 0 0 0 7 0 4
S O : 0 0 0 0 7 0 4
S O : 0 0 0 0 7 0 4
S O : 0 0 0 0 7 0 4
S O : 0 0 0 0 7 0 4
S O : 0 0 0 0 7 0 4
S O : 0 0 0 0 7 0 4
S O : 0 0 0 0 7 0 4
S O : 0 0 0 0 7 0 4
S O : 0 0 0 0 6 7 3
S O : 0 0 0 0 7 0 4
S O : 0 0 0 0 7 0 4
S O : 0 0 0 0 7 0 4
S O : 0 0 0 0 7 0 4
S O : 0 0 0 0 7 0 4
S O : 0 0 0 0 7 0 4
S O : 0 0 0 0 7 0 4
S O : 0 0 0 0 7 0 4
S O : 0 0 0 0 7 0 4
S O : 0 0 0 0 7 0 4
S O : 0 0 0 0 6 7 3
S O : 0 0 0 0 7 0 4
S O : 0 0 0 0 8 5 3
S O : 0 0 0 1 0 2 6
S O : 0 0 0 0 7 0 4
S O : 0 0 0 0 7 0 4
S O : 0 0 0 0 7 0 4
S O : 0 0 0 1 0 2 6
S O : 0 0 0 0 7 0 4
S O : 0 0 0 0 7 0 4
S O : 0 0 0 0 7 0 4
S O : 0 0 0 0 6 7 3
S O : 0 0 0 0 7 0 4
S O : 0 0 0 0 7 0 4
S O : 0 0 0 0 7 0 4
S O : 0 0 0 0 7 0 4
S O : 0 0 0 0 7 0 4
S O : 0 0 0 0 7 0 4
S O : 0 0 0 0 7 0 4
S O : 0 0 0 0 7 0 4
S O : 0 0 0 0 7 0 4
S O : 0 0 0 0 7 0 4
S O : 0 0 0 0 7 0 4
S O : 0 0 0 0 7 0 4
S O : 0 0 0 0 7 0 4
S O : 0 0 0 0 7 0 4
S O : 0 0 0 0 7 0 4
S O : 0 0 0 0 1 2 1
S O : 0 0 0 0 1 3 2
S O : 0 0 0 0 7 0 4
S O : 0 0 0 0 0 2 8
S O : 0 0 0 1 0 2 6
S O : 0 0 0 0 6 7 3
S O : 0 0 0 0 6 7 3
S O : 0 0 0 0 7 0 4
S O : 0 0 0 0 7 0 4
S O : 0 0 0 0 7 0 4
S O : 0 0 0 0 1 1 2
S O : 0 0 0 0 6 7 3
S O : 0 0 0 0 7 0 4
S O : 0 0 0 0 1 1 2
S O : 0 0 0 0 1 1 2
S O : 0 0 0 0 7 0 4
S O : 0 0 0 0 1 1 2
S O : 0 0 0 0 0 2 8
S O : 0 0 0 0 7 0 4
S O : 0 0 0 0 7 0 4
S O : 0 0 0 1 0 2 6
S O : 0 0 0 0 7 0 4
S O : 0 0 0 0 7 0 4
S O : 0 0 0 0 7 0 4
S O : 0 0 0 0 7 0 4
S O : 0 0 0 0 9 9 3
S O : 0 0 0 0 7 0 4
S O : 0 0 0 0 7 0 4
S O : 0 0 0 0 9 9 3
S O : 0 0 0 0 6 7 3
S O : 0 0 0 0 7 0 4
S O : 0 0 0 0 7 0 4
S O : 0 0 0 0 7 0 4
S O : 0 0 0 0 7 0 4
S O : 0 0 0 0 7 0 4
S O : 0 0 0 0 7 0 4
S O : 0 0 0 0 7 0 4
S O : 0 0 0 0 7 0 4
S O : 0 0 0 0 7 0 4
S O : 0 0 0 0 7 0 4
S O : 0 0 0 0 7 0 4
S O : 0 0 0 1 0 2 6
S O : 0 0 0 0 7 0 4
S O : 0 0 0 0 7 0 4
S O : 0 0 0 1 0 2 6
S O : 0 0 0 0 6 9 4
S O : 0 0 0 0 7 0 4
S O : 0 0 0 0 7 0 4
S O : 0 0 0 0 7 7 1
S O : 0 0 0 1 0 2 6
S O : 0 0 0 0 6 9 4
S O : 0 0 0 0 7 0 4
S O : 0 0 0 0 6 9 4
S O : 0 0 0 0 1 4 7
S O : 0 0 0 0 7 0 4
S O : 0 0 0 0 7 0 4
S O : 0 0 0 0 6 9 4
S O : 0 0 0 1 0 2 6
S O : 0 0 0 0 7 0 4
S O : 0 0 0 0 7 0 4
S O : 0 0 0 1 0 2 3
S O : 0 0 0 1 0 2 6
S O : 0 0 0 0 4 1 7
S O : 0 0 0 1 0 2 6
S O : 0 0 0 1 0 2 4
S O : 0 0 0 0 1 6 9
S O : 0 0 0 1 0 2 6
S O : 0 0 0 0 8 5 5
S O : 0 0 0 0 4 1 7
S O : 0 0 0 0 4 1 7
S O : 0 0 0 0 4 1 7
S O : 0 0 0 0 4 1 7
S O : 0 0 0 0 4 1 7
S O : 0 0 0 0 7 0 4
S O : 0 0 0 0 7 0 4
S O : 0 0 0 0 4 1 7
S O : 0 0 0 0 7 0 4
S O : 0 0 0 0 7 0 4
S O : 0 0 0 0 8 5 7
S O : 0 0 0 0 4 1 7
S O : 0 0 0 0 4 1 7
S O : 0 0 0 1 0 2 6
S O : 0 0 0 0 6 9 4
S O : 0 0 0 0 7 0 4
S O : 0 0 0 1 2 4 8
S O : 0 0 0 0 4 0 9
S O : 0 0 0 1 1 1 4
S O : 0 0 0 0 8 5 7
S O : 0 0 0 0 4 1 7
S O : 0 0 0 0 7 0 4
S O : 0 0 0 1 0 2 3
S O : 0 0 0 0 7 0 4
S O : 0 0 0 0 7 0 4
S O : 0 0 0 0 7 3 0
S O : 0 0 0 0 7 3 0
S O : 0 0 0 0 9 9 3
S O : 0 0 0 0 7 3 0
S O : 0 0 0 0 7 3 0
S O : 0 0 0 0 7 3 0
S O : 0 0 0 0 4 1 7
S O : 0 0 0 1 0 2 6
S O : 0 0 0 0 2 8 8
S O : 0 0 0 1 0 3 0
S O : 0 0 0 0 7 3 0
S O : 0 0 0 0 7 3 0
S O : 0 0 0 0 7 3 0
S O : 0 0 0 0 7 0 4
S O : 0 0 0 0 9 9 3
S O : 0 0 0 0 6 7 3
S O : 0 0 0 0 6 7 3
S O : 0 0 0 0 6 7 3
S O : 0 0 0 0 7 0 4
S O : 0 0 0 0 7 0 4
S O : 0 0 0 0 7 0 4
S O : 0 0 0 0 6 7 3
S O : 0 0 0 0 1 6 7
S O : 0 0 0 0 7 0 4
S O : 0 0 0 0 7 0 4
S O : 0 0 0 0 7 0 4
S O : 0 0 0 0 1 1 2
S O : 0 0 0 0 7 0 4
S O : 0 0 0 0 7 0 4
S O : 0 0 0 0 1 1 2
S O : 0 0 0 0 0 0 6
S O : 0 0 0 0 1 1 2
S O : 0 0 0 0 0 0 6
S O : 0 0 0 0 1 1 2
S O : 0 0 0 0 1 1 2
S O : 0 0 0 0 0 0 6
S O : 0 0 0 0 6 7 3
S O : 0 0 0 0 6 7 3
S O : 0 0 0 1 0 6 0
S O : 0 0 0 0 7 0 4
S O : 0 0 0 0 7 0 4
S O : 0 0 0 0 7 0 4
S O : 0 0 0 0 7 0 4
S O : 0 0 0 0 7 0 4
S O : 0 0 0 0 6 7 3
S O : 0 0 0 0 6 7 3
S O : 0 0 0 0 6 7 3
S O : 0 0 0 0 6 7 3
S O : 0 0 0 0 6 7 3
S O : 0 0 0 1 0 6 0
S O : 0 0 0 1 0 6 0
S O : 0 0 0 0 4 1 7
S O : 0 0 0 0 4 1 7
S O : 0 0 0 1 0 6 0
S O : 0 0 0 0 6 7 3
S O : 0 0 0 0 7 0 4
S O : 0 0 0 0 6 7 3
S O : 0 0 0 0 6 7 3
S O : 0 0 0 0 7 0 4
S O : 0 0 0 0 7 0 4
S O : 0 0 0 0 7 0 4
S O : 0 0 0 0 7 0 4
S O : 0 0 0 0 7 0 4
S O : 0 0 0 0 7 0 4
S O : 0 0 0 0 7 0 4
S O : 0 0 0 0 7 0 4
S O : 0 0 0 0 7 0 4
S O : 0 0 0 0 7 0 4
S O : 0 0 0 0 7 0 4
S O : 0 0 0 0 7 0 4
S O : 0 0 0 0 6 9 4
S O : 0 0 0 0 7 0 4
S O : 0 0 0 0 7 0 4
S O : 0 0 0 0 7 0 4
S O : 0 0 0 0 4 1 7
S O : 0 0 0 0 4 1 7
S O : 0 0 0 0 4 1 7
S O : 0 0 0 0 1 6 7
S O : 0 0 0 1 0 6 0
S O : 0 0 0 1 0 6 0
S O : 0 0 0 1 0 6 0
S O : 0 0 0 0 7 0 4
S O : 0 0 0 0 8 5 3
S O : 0 0 0 0 6 7 3
S O : 0 0 0 0 4 1 7
S O : 0 0 0 0 6 7 3
S O : 0 0 0 0 6 7 3
S O : 0 0 0 0 6 7 3
S O : 0 0 0 0 6 7 3
S O : 0 0 0 0 6 7 3
S O : 0 0 0 0 6 7 3
S O : 0 0 0 0 6 7 3
S O : 0 0 0 0 6 7 3
S O : 0 0 0 0 6 7 3
S O : 0 0 0 0 6 7 3
S O : 0 0 0 0 0 8 4
S O : 0 0 0 0 6 7 3
S O : 0 0 0 0 6 7 3
S O : 0 0 0 0 6 7 3
S O : 0 0 0 0 6 7 3
S O : 0 0 0 0 6 7 3
S O : 0 0 0 0 6 7 3
S O : 0 0 0 0 6 7 3
S O : 0 0 0 0 6 7 3
S O : 0 0 0 0 6 7 3
S O : 0 0 0 0 6 7 3
S O : 0 0 0 0 6 7 3
S O : 0 0 0 0 6 7 3
S O : 0 0 0 0 6 7 3
S O : 0 0 0 0 6 7 3
S O : 0 0 0 0 6 7 3
S O : 0 0 0 0 6 7 3
S O : 0 0 0 0 6 7 3
S O : 0 0 0 1 0 2 6
S O : 0 0 0 0 7 0 4
S O : 0 0 0 0 4 1 7
S O : 0 0 0 0 7 0 4
S O : 0 0 0 0 7 0 4
S O : 0 0 0 0 6 9 4
S O : 0 0 0 0 7 0 4
S O : 0 0 0 0 7 0 4
S O : 0 0 0 0 7 0 4
S O : 0 0 0 0 7 0 4
S O : 0 0 0 0 2 0 5
S O : 0 0 0 0 7 0 4
S O : 0 0 0 0 7 0 4
S O : 0 0 0 0 2 0 5
S O : 0 0 0 0 2 0 5
S O : 0 0 0 0 7 0 4
S O : 0 0 0 0 7 0 4
S O : 0 0 0 0 2 0 5
S O : 0 0 0 0 7 0 4
S O : 0 0 0 0 4 0 9
S O : 0 0 0 0 2 0 5
S O : 0 0 0 0 6 1 0
S O : 0 0 0 0 6 7 3
S O : 0 0 0 0 7 0 4
S O : 0 0 0 0 1 1 2
S O : 0 0 0 0 6 1 0
S O : 0 0 0 0 1 1 2
S O : 0 0 0 0 7 0 4
S O : 0 0 0 0 1 1 2
S O : 0 0 0 0 2 0 5
S O : 0 0 0 1 1 1 4
S O : 0 0 0 0 7 0 4
S O : 0 0 0 0 2 0 7
S O : 0 0 0 0 7 0 4
S O : 0 0 0 0 7 0 4
S O : 0 0 0 0 7 0 4
S O : 0 0 0 0 7 0 4
S O : 0 0 0 0 7 0 4
S O : 0 0 0 0 7 0 4
S O : 0 0 0 0 7 0 4
S O : 0 0 0 0 7 0 4
S O : 0 0 0 0 7 0 4
S O : 0 0 0 0 7 0 4
S O : 0 0 0 0 7 0 4
S O : 0 0 0 0 7 0 4
S O : 0 0 0 0 7 0 4
S O : 0 0 0 0 7 0 4
S O : 0 0 0 0 7 0 4
S O : 0 0 0 0 7 0 4
S O : 0 0 0 0 7 0 4
S O : 0 0 0 1 0 2 6
S O : 0 0 0 1 0 2 6
S O : 0 0 0 0 7 0 4
S O : 0 0 0 0 7 0 4
S O : 0 0 0 0 7 0 4
S O : 0 0 0 0 7 0 4
S O : 0 0 0 0 7 0 4
S O : 0 0 0 0 7 0 4
S O : 0 0 0 0 7 0 4
S O : 0 0 0 0 7 0 4
S O : 0 0 0 0 7 0 4
S O : 0 0 0 0 7 0 4
S O : 0 0 0 0 7 0 4
S O : 0 0 0 0 7 0 4
S O : 0 0 0 0 7 0 4
S O : 0 0 0 0 7 0 4
S O : 0 0 0 1 0 2 6
S O : 0 0 0 0 7 0 4
S O : 0 0 0 0 7 0 4
S O : 0 0 0 0 7 0 4
S O : 0 0 0 1 0 2 6
S O : 0 0 0 0 7 0 4
S O : 0 0 0 0 7 3 0
S O : 0 0 0 1 0 3 0
S O : 0 0 0 0 4 1 7
S O : 0 0 0 0 7 0 4
S O : 0 0 0 1 0 2 6
S O : 0 0 0 1 0 2 6
S O : 0 0 0 5 8 3 6
S O : 0 0 0 0 1 6 7
S O : 0 0 0 0 7 0 4
S O : 0 0 0 0 1 6 7
S O : 0 0 0 0 9 8 4
S O : 0 0 0 0 9 8 4
S O : 0 0 0 0 9 8 5
S O : 0 0 0 1 0 2 6
S O : 0 0 0 0 0 9 9
S O : 0 0 0 1 0 2 6
S O : 0 0 0 1 0 2 6
S O : 0 0 0 0 7 0 4
S O : 0 0 0 0 7 0 4
S O : 0 0 0 0 7 0 4
S O : 0 0 0 0 7 0 4
S O : 0 0 0 0 7 0 4
S O : 0 0 0 1 0 2 6
S O : 0 0 0 1 0 2 6
S O : 0 0 0 1 0 2 6
S O : 0 0 0 0 7 0 4
S O : 0 0 0 0 7 0 4
S O : 0 0 0 1 0 2 6
S O : 0 0 0 1 0 2 6
S O : 0 0 0 1 0 2 6
S O : 0 0 0 1 0 2 6
S O : 0 0 0 1 0 2 6
S O : 0 0 0 1 0 2 6
S O : 0 0 0 1 0 2 6
S O : 0 0 0 1 0 2 6
S O : 0 0 0 0 7 0 4
S O : 0 0 0 1 0 2 3
S O : 0 0 0 0 7 0 4
S O : 0 0 0 0 7 0 4
S O : 0 0 0 0 7 0 4
S O : 0 0 0 0 7 0 4
S O : 0 0 0 1 0 2 6
S O : 0 0 0 1 0 2 6
S O : 0 0 0 0 7 0 4
S O : 0 0 0 0 7 0 4
S O : 0 0 0 1 0 2 6
S O : 0 0 0 1 0 2 6
S O : 0 0 0 1 0 2 6
S O : 0 0 0 1 0 2 6
S O : 0 0 0 0 7 0 4
S O : 0 0 0 0 7 0 4
S O : 0 0 0 0 7 0 4
S O : 0 0 0 1 0 2 6
S O : 0 0 0 0 7 0 4
S O : 0 0 0 0 7 0 4
S O : 0 0 0 0 1 6 7
S O : 0 0 0 0 7 0 4
S O : 0 0 0 1 0 2 6
S O : 0 0 0 0 1 6 7
S O : 0 0 0 0 7 0 4
S O : 0 0 0 0 7 0 4
S O : 0 0 0 0 7 0 4
S O : 0 0 0 1 0 2 6
S O : 0 0 0 0 7 0 4
S O : 0 0 0 0 7 0 4
S O : 0 0 0 0 6 9 4
S O : 0 0 0 0 7 0 4
S O : 0 0 0 0 4 0 9
S O : 0 0 0 0 7 0 4
S O : 0 0 0 0 7 0 4
S O : 0 0 0 1 0 3 0
S O : 0 0 0 0 7 0 4
S O : 0 0 0 0 7 0 4
S O : 0 0 0 0 7 0 4
S O : 0 0 0 0 7 0 4
S O : 0 0 0 0 7 0 4
S O : 0 0 0 0 1 1 2
S O : 0 0 0 0 1 1 2
S O : 0 0 0 0 7 0 4
S O : 0 0 0 0 7 0 4
S O : 0 0 0 0 7 0 4
S O : 0 0 0 0 7 0 4
S O : 0 0 0 0 7 0 4
S O : 0 0 0 0 7 0 4
S O : 0 0 0 0 7 0 4
S O : 0 0 0 0 7 0 4
S O : 0 0 0 0 7 0 4
S O : 0 0 0 0 7 0 4
S O : 0 0 0 0 7 0 4
S O : 0 0 0 0 7 0 4
S O : 0 0 0 0 7 0 4
S O : 0 0 0 0 7 0 4
S O : 0 0 0 0 7 0 4
S O : 0 0 0 0 7 0 4
S O : 0 0 0 0 7 0 4
S O : 0 0 0 0 7 0 4
S O : 0 0 0 0 7 0 4
S O : 0 0 0 0 7 0 4
S O : 0 0 0 0 7 0 4
S O : 0 0 0 0 7 0 4
S O : 0 0 0 0 7 0 4
S O : 0 0 0 0 7 0 4
S O : 0 0 0 0 7 0 4
S O : 0 0 0 0 7 0 4
S O : 0 0 0 0 7 0 4
S O : 0 0 0 0 7 0 4
S O : 0 0 0 0 7 0 4
S O : 0 0 0 0 7 0 4
S O : 0 0 0 0 7 0 4
S O : 0 0 0 0 7 0 4
S O : 0 0 0 0 7 0 4
S O : 0 0 0 0 7 0 4
S O : 0 0 0 0 7 0 4
S O : 0 0 0 0 7 0 4
S O : 0 0 0 0 7 0 4
S O : 0 0 0 0 7 0 4
S O : 0 0 0 0 7 0 4
S O : 0 0 0 0 7 0 4
S O : 0 0 0 0 7 0 4
S O : 0 0 0 0 7 0 4
S O : 0 0 0 0 7 0 4
S O : 0 0 0 0 7 0 4
S O : 0 0 0 0 7 0 4
S O : 0 0 0 0 7 0 4
S O : 0 0 0 0 7 0 4
S O : 0 0 0 0 7 0 4
S O : 0 0 0 0 7 0 4
S O : 0 0 0 0 7 0 4
S O : 0 0 0 0 7 0 4
S O : 0 0 0 0 7 0 4
S O : 0 0 0 0 7 0 4
S O : 0 0 0 0 7 0 4
S O : 0 0 0 0 7 0 4
S O : 0 0 0 0 7 0 4
S O : 0 0 0 0 7 0 4
S O : 0 0 0 0 7 0 4
S O : 0 0 0 0 7 0 4
S O : 0 0 0 0 6 7 3
S O : 0 0 0 0 7 0 4
S O : 0 0 0 0 7 0 4
S O : 0 0 0 0 7 3 0
S O : 0 0 0 0 7 3 0
S O : 0 0 0 0 4 1 7
S O : 0 0 0 0 4 1 7
S O : 0 0 0 0 4 1 7
S O : 0 0 0 0 4 1 7
S O : 0 0 0 0 4 1 7
S O : 0 0 0 0 4 1 7
S O : 0 0 0 0 4 1 7
S O : 0 0 0 0 4 1 7
S O : 0 0 0 0 4 1 7
S O : 0 0 0 0 4 1 7
S O : 0 0 0 0 4 1 7
S O : 0 0 0 0 4 1 7
S O : 0 0 0 0 4 1 7
S O : 0 0 0 0 4 1 7
S O : 0 0 0 0 6 7 3
S O : 0 0 0 0 7 0 4
S O : 0 0 0 1 0 2 6
S O : 0 0 0 0 9 9 3
S O : 0 0 0 0 7 0 4
S O : 0 0 0 0 7 0 4
S O : 0 0 0 0 6 9 4
S O : 0 0 0 0 7 0 4
S O : 0 0 0 0 6 9 4
S O : 0 0 0 0 6 9 4
S O : 0 0 0 0 6 9 4
S O : 0 0 0 1 0 2 3
S O : 0 0 0 0 7 0 4
S O : 0 0 0 0 6 9 4
S O : 0 0 0 0 6 9 4
S O : 0 0 0 0 7 0 4
S O : 0 0 0 1 0 2 6
S O : 0 0 0 0 6 9 4
S O : 0 0 0 0 6 9 4
S O : 0 0 0 0 7 0 4
S O : 0 0 0 0 6 9 4
S O : 0 0 0 0 7 0 4
S O : 0 0 0 0 6 9 4
S O : 0 0 0 0 6 9 4
S O : 0 0 0 1 0 2 3
S O : 0 0 0 0 6 9 4
S O : 0 0 0 0 7 0 4
S O : 0 0 0 0 6 9 4
S O : 0 0 0 0 6 9 4
S O : 0 0 0 1 0 2 3
S O : 0 0 0 1 0 2 3
S O : 0 0 0 0 6 9 4
S O : 0 0 0 0 6 9 4
S O : 0 0 0 0 6 9 4
S O : 0 0 0 1 0 2 3
S O : 0 0 0 1 0 2 3
S O : 0 0 0 0 7 0 4
S O : 0 0 0 1 0 2 3
S O : 0 0 0 0 6 9 4
S O : 0 0 0 1 0 2 3
S O : 0 0 0 1 0 2 3
S O : 0 0 0 0 6 9 4
S O : 0 0 0 0 6 9 4
S O : 0 0 0 0 7 0 4
S O : 0 0 0 1 0 2 3
S O : 0 0 0 1 0 2 3
S O : 0 0 0 1 0 2 3
S O : 0 0 0 0 6 9 4
S O : 0 0 0 1 0 2 3
S O : 0 0 0 1 0 2 3
S O : 0 0 0 1 0 2 3
S O : 0 0 0 1 0 2 3
S O : 0 0 0 1 0 2 3
S O : 0 0 0 0 6 9 4
S O : 0 0 0 0 7 0 4
S O : 0 0 0 1 0 2 3
S O : 0 0 0 0 6 9 4
S O : 0 0 0 1 0 2 3
S O : 0 0 0 1 0 2 3
S O : 0 0 0 1 0 2 3
S O : 0 0 0 0 6 9 4
S O : 0 0 0 1 0 2 3
S O : 0 0 0 1 0 2 3
S O : 0 0 0 0 7 0 4
S O : 0 0 0 0 6 9 4
S O : 0 0 0 0 7 0 4
S O : 0 0 0 0 7 0 4
S O : 0 0 0 0 6 9 4
S O : 0 0 0 0 7 0 4
S O : 0 0 0 0 7 0 4
S O : 0 0 0 0 6 9 4
S O : 0 0 0 0 6 9 4
S O : 0 0 0 0 6 9 4
S O : 0 0 0 0 1 6 7
S O : 0 0 0 0 7 0 4
S O : 0 0 0 1 0 2 3
S O : 0 0 0 1 0 2 3
S O : 0 0 0 1 0 2 3
S O : 0 0 0 1 0 2 3
S O : 0 0 0 0 6 9 4
S O : 0 0 0 1 0 2 3
S O : 0 0 0 1 0 2 3
S O : 0 0 0 1 0 2 3
S O : 0 0 0 1 0 2 3
S O : 0 0 0 0 6 9 4
S O : 0 0 0 0 6 9 4
S O : 0 0 0 0 6 9 4
S O : 0 0 0 0 7 0 4
S O : 0 0 0 0 7 0 4
S O : 0 0 0 0 6 9 4
S O : 0 0 0 0 6 9 4
S O : 0 0 0 0 7 0 4
S O : 0 0 0 0 7 0 4
S O : 0 0 0 0 7 0 4
S O : 0 0 0 0 7 0 4
S O : 0 0 0 1 0 6 0
S O : 0 0 0 0 7 0 4
S O : 0 0 0 0 6 7 3
S O : 0 0 0 0 7 2 7
S O : 0 0 0 0 7 0 4
S O : 0 0 0 0 7 0 4
S O : 0 0 0 0 7 0 4
S O : 0 0 0 1 0 2 6
S O : 0 0 0 0 1 2 1
S O : 0 0 0 0 1 1 2
S O : 0 0 0 0 1 3 2
S O : 0 0 0 0 7 0 4
S O : 0 0 0 0 1 2 1
S O : 0 0 0 1 0 3 1
S O : 0 0 0 0 1 1 2
S O : 0 0 0 0 7 0 4
S O : 0 0 0 0 7 0 4
S O : 0 0 0 0 7 0 4
S O : 0 0 0 0 7 0 4
S O : 0 0 0 0 0 0 8
S O : 0 0 0 0 7 0 4
S O : 0 0 0 0 7 0 4
S O : 0 0 0 0 7 0 4
S O : 0 0 0 0 1 7 2
S O : 0 0 0 0 1 6 5
S O : 0 0 0 0 7 0 4
S O : 0 0 0 0 7 0 4
S O : 0 0 0 0 7 0 4
S O : 0 0 0 0 7 0 4
S O : 0 0 0 0 7 0 4
S O : 0 0 0 0 1 7 2
S O : 0 0 0 0 1 6 5
S O : 0 0 0 0 1 7 2
S O : 0 0 0 0 1 6 5
S O : 0 0 0 0 7 0 4
S O : 0 0 0 0 7 0 4
S O : 0 0 0 0 6 9 4
S O : 0 0 0 0 7 0 4
S O : 0 0 0 0 7 0 4
S O : 0 0 0 0 7 0 4
S O : 0 0 0 0 7 0 4
S O : 0 0 0 0 7 0 4
S O : 0 0 0 0 7 0 4
S O : 0 0 0 0 7 0 4
S O : 0 0 0 0 4 1 7
S O : 0 0 0 0 4 1 7
S O : 0 0 0 0 4 1 7
S O : 0 0 0 0 7 0 4
S O : 0 0 0 0 7 0 4
S O : 0 0 0 0 7 0 4
