G O : 0 0 0 5 6 3 4
G O : 0 0 0 5 7 3 9
G O : 0 0 0 5 6 2 2
G O : 0 0 0 5 6 3 4
G O : 0 0 0 5 7 3 9
G O : 0 0 0 5 7 3 9
G O : 0 0 4 2 9 9 5
G O : 0 0 0 5 8 5 6
G O : 0 0 4 5 2 0 2
G O : 0 0 0 5 6 3 4
G O : 0 0 0 5 7 3 7
G O : 0 0 0 5 7 3 7
G O : 0 0 0 5 7 3 9
G O : 0 0 3 0 1 2 8
G O : 0 0 0 5 7 3 9
G O : 0 0 3 1 1 0 5
G O : 0 0 0 5 7 3 9
G O : 0 0 0 5 6 3 4
G O : 0 0 0 5 7 3 7
G O : 0 0 0 5 6 2 2
G O : 0 0 3 1 9 6 5
G O : 0 0 3 1 9 8 2
G O : 0 0 0 5 7 3 9
G O : 0 0 3 4 3 5 9
G O : 0 0 0 5 7 3 9
G O : 0 0 0 5 7 3 9
G O : 0 0 0 5 6 3 4
G O : 0 0 4 4 2 9 7
G O : 0 0 4 5 2 0 2
G O : 0 0 0 5 7 3 7
G O : 0 0 0 5 7 3 9
G O : 0 0 4 2 5 7 1
G O : 0 0 4 2 5 7 1
G O : 0 0 0 5 5 7 7
G O : 0 0 1 9 8 1 4
G O : 0 0 1 6 0 2 0
G O : 0 0 0 5 8 8 6
G O : 0 0 4 4 4 2 5
G O : 0 0 1 6 0 2 0
G O : 0 0 1 9 8 1 4
G O : 0 0 7 1 7 4 3
G O : 0 0 4 2 5 7 1
G O : 0 0 0 5 6 3 4
G O : 0 0 4 2 5 7 1
G O : 0 0 4 2 5 7 1
G O : 0 0 3 2 9 9 1
G O : 0 0 1 9 8 1 4
G O : 0 0 7 1 7 4 3
G O : 0 0 4 2 5 7 1
G O : 0 0 7 1 7 4 3
G O : 0 0 4 2 5 7 1
G O : 0 0 1 6 0 2 0
G O : 0 0 1 6 0 2 0
G O : 0 0 7 1 7 4 3
G O : 0 0 4 2 5 7 1
G O : 0 0 7 1 7 4 3
G O : 0 0 4 2 5 7 1
G O : 0 0 7 1 7 3 5
G O : 0 0 7 1 7 4 6
G O : 0 0 7 1 7 3 5
G O : 0 0 7 1 7 5 4
G O : 0 0 7 1 7 4 3
G O : 0 0 7 1 7 4 3
G O : 0 0 7 1 7 4 3
G O : 0 0 7 1 7 4 3
G O : 0 0 7 1 7 4 3
G O : 0 0 7 1 7 4 3
G O : 0 0 4 2 5 7 1
G O : 0 0 7 1 7 4 3
G O : 0 0 7 1 7 4 3
G O : 0 0 3 0 4 2 4
G O : 0 0 3 0 4 2 4
G O : 0 0 3 0 4 2 5
G O : 0 0 4 2 5 7 1
G O : 0 0 3 0 8 4 9
G O : 0 0 0 0 8 0 1
G O : 0 0 4 4 4 2 8
G O : 0 0 4 4 4 2 8
G O : 0 0 0 1 7 5 0
G O : 0 0 0 0 8 0 6
G O : 0 0 3 0 8 4 9
G O : 0 0 3 0 8 4 9
G O : 0 0 3 0 8 4 9
G O : 0 0 3 0 8 4 9
G O : 0 0 3 0 8 4 9
G O : 0 0 3 0 8 4 9
G O : 0 0 3 0 8 4 9
G O : 0 0 3 0 8 4 9
G O : 0 0 3 0 8 4 9
G O : 0 0 0 0 7 8 5
G O : 0 0 0 5 6 3 4
G O : 0 0 1 9 8 1 4
G O : 0 0 0 5 7 3 9
G O : 0 0 0 5 6 3 4
G O : 0 0 0 5 7 5 9
G O : 0 0 0 5 7 5 9
G O : 0 0 1 5 6 2 9
G O : 0 0 0 5 7 3 9
G O : 0 0 1 5 6 2 9
G O : 0 0 0 0 7 9 6
G O : 0 0 4 4 7 7 6
G O : 0 0 0 5 7 7 7
G O : 0 0 3 5 2 3 0
G O : 0 0 3 6 4 3 6
G O : 0 0 1 5 6 2 9
G O : 0 0 0 5 7 3 9
G O : 0 0 0 5 7 3 9
G O : 0 0 0 5 7 3 9
G O : 0 0 0 0 7 9 6
G O : 0 0 4 5 2 8 1
G O : 0 0 0 5 7 7 7
G O : 0 0 0 5 7 6 8
G O : 0 0 0 5 6 2 2
G O : 0 0 0 5 6 2 2
G O : 0 0 0 5 6 2 2
G O : 0 0 3 1 9 8 2
G O : 0 0 0 5 7 3 7
G O : 0 0 1 6 0 2 0
G O : 0 0 4 2 5 7 1
G O : 0 0 4 2 5 7 1
G O : 0 0 4 2 5 7 1
G O : 0 0 4 2 5 7 1
G O : 0 0 4 2 5 7 1
G O : 0 0 4 2 5 7 1
G O : 0 0 4 2 5 7 1
G O : 0 0 4 2 5 7 1
G O : 0 0 4 2 5 7 1
G O : 0 0 4 2 5 7 1
G O : 0 0 0 5 6 2 2
G O : 0 0 0 9 9 8 6
G O : 0 0 0 0 8 0 5
G O : 0 0 3 2 9 9 1
G O : 0 0 0 5 6 2 2
G O : 0 0 1 6 0 2 0
G O : 0 0 0 5 5 7 6
G O : 0 0 0 5 5 7 6
G O : 0 0 0 5 7 9 3
G O : 0 0 4 2 6 5 1
G O : 0 0 0 5 7 3 7
G O : 0 0 0 5 5 7 6
G O : 0 0 0 5 8 8 6
G O : 0 0 1 6 0 2 0
G O : 0 0 0 5 5 7 6
G O : 0 0 0 5 7 3 7
G O : 0 0 0 5 8 5 6
G O : 0 0 0 5 8 5 6
G O : 0 0 0 5 6 2 2
G O : 0 0 3 1 9 4 1
G O : 0 0 0 5 6 3 4
G O : 0 0 0 5 9 0 1
G O : 0 0 4 2 5 7 1
G O : 0 0 4 2 5 7 1
G O : 0 0 0 5 6 3 4
G O : 0 0 4 2 5 7 1
G O : 0 0 1 9 8 1 4
G O : 0 0 0 5 7 3 7
G O : 0 0 0 5 7 3 7
G O : 0 0 0 5 6 3 4
G O : 0 0 4 2 6 1 1
G O : 0 0 0 0 8 0 5
G O : 0 0 0 0 8 0 5
G O : 0 0 0 5 6 3 4
G O : 0 0 0 5 6 3 4
G O : 0 0 0 5 6 3 4
G O : 0 0 0 5 6 3 4
G O : 0 0 0 0 8 0 5
G O : 0 0 0 0 8 0 3
G O : 0 0 0 0 8 0 5
G O : 0 0 0 0 8 0 5
G O : 0 0 0 0 8 0 6
G O : 0 0 0 5 7 3 9
G O : 0 0 0 0 8 0 3
G O : 0 0 0 0 8 0 5
G O : 0 0 0 5 7 3 9
G O : 0 0 0 0 8 0 5
G O : 0 0 0 0 8 0 5
G O : 0 0 0 0 8 0 5
G O : 0 0 0 5 6 3 4
G O : 0 0 0 0 8 0 6
G O : 0 0 7 1 7 4 3
G O : 0 0 0 5 6 2 2
G O : 0 0 0 8 0 0 2
G O : 0 0 0 5 7 7 3
G O : 0 0 0 5 6 3 4
G O : 0 0 0 5 7 3 9
G O : 0 0 0 5 6 3 4
G O : 0 0 0 5 7 3 9
G O : 0 0 0 5 7 3 9
G O : 0 0 0 5 7 4 3
G O : 0 0 0 5 7 3 9
G O : 0 0 0 5 7 7 7
G O : 0 0 0 9 9 8 6
G O : 0 0 0 0 8 0 5
G O : 0 0 4 2 5 7 1
G O : 0 0 0 5 6 3 4
G O : 0 0 0 5 6 2 2
G O : 0 0 0 1 6 6 9
G O : 0 0 3 1 0 1 2
G O : 0 0 0 5 6 2 2
G O : 0 0 0 1 6 6 9
G O : 0 0 4 2 5 7 1
G O : 0 0 1 9 8 1 4
G O : 0 0 0 5 6 3 4
G O : 0 0 0 5 6 3 4
G O : 0 0 9 7 5 7 1
G O : 0 0 4 5 2 0 2
G O : 0 0 0 0 1 3 1
G O : 0 0 0 5 6 3 4
G O : 0 0 0 5 6 3 4
G O : 0 0 0 0 7 8 6
G O : 0 0 0 0 7 8 5
G O : 0 0 3 2 9 9 3
G O : 0 0 0 5 6 3 4
G O : 0 0 0 0 7 8 5
G O : 0 0 3 1 0 0 2
G O : 0 0 0 0 7 8 5
G O : 0 0 0 0 7 9 1
G O : 0 0 0 0 7 8 5
G O : 0 0 0 0 7 9 2
G O : 0 0 4 5 1 2 0
G O : 0 0 4 5 1 2 0
G O : 0 0 4 5 1 2 0
G O : 0 0 4 5 1 2 0
G O : 0 0 4 2 9 9 5
G O : 0 0 0 5 6 3 4
G O : 0 0 0 0 7 8 5
G O : 0 0 0 5 7 3 9
G O : 0 0 0 5 7 3 9
G O : 0 0 0 5 7 3 9
G O : 0 0 3 1 0 1 2
G O : 0 0 0 5 7 3 9
G O : 0 0 9 9 5 3 7
G O : 0 0 0 5 6 3 4
G O : 0 0 0 5 6 2 2
G O : 0 0 4 2 5 7 1
G O : 0 0 0 5 8 8 6
G O : 0 0 7 1 7 4 3
G O : 0 0 7 1 7 4 3
G O : 0 0 7 1 7 4 3
G O : 0 0 7 1 7 4 3
G O : 0 0 7 1 7 4 3
G O : 0 0 7 1 7 4 3
G O : 0 0 3 1 0 4 5
G O : 0 0 0 0 7 8 5
G O : 0 0 4 3 0 0 5
G O : 0 0 3 0 4 2 4
G O : 0 0 3 0 4 2 5
G O : 0 0 4 5 2 0 2
G O : 0 0 4 5 2 0 2
G O : 0 0 4 3 0 0 5
G O : 0 0 3 0 4 2 5
G O : 0 0 0 5 7 3 7
G O : 0 0 4 3 0 0 5
G O : 0 0 3 1 0 1 2
G O : 0 0 0 5 7 7 7
G O : 0 0 1 5 6 2 9
G O : 0 0 8 5 0 4 1
G O : 0 0 1 9 8 1 4
G O : 0 0 7 1 7 3 5
G O : 0 0 7 1 7 3 5
G O : 0 0 0 5 6 3 4
G O : 0 0 0 5 7 3 9
G O : 0 0 0 5 6 2 2
G O : 0 0 0 5 6 3 4
G O : 0 0 0 5 6 3 4
G O : 0 0 0 5 7 3 9
G O : 0 0 0 5 6 3 4
G O : 0 0 0 5 7 3 9
G O : 0 0 4 2 9 9 5
G O : 0 0 0 5 6 3 4
G O : 0 0 0 5 6 3 4
G O : 0 0 0 5 6 3 4
G O : 0 0 0 5 8 5 6
G O : 0 0 4 5 2 0 2
G O : 0 0 0 5 6 3 4
G O : 0 0 0 5 6 3 4
G O : 0 0 3 1 0 1 2
G O : 0 0 3 1 0 1 2
G O : 0 0 0 5 6 3 4
G O : 0 0 0 5 6 3 4
G O : 0 0 0 5 7 3 7
G O : 0 0 0 5 7 3 7
G O : 0 0 0 5 7 3 9
G O : 0 0 3 2 9 9 1
G O : 0 0 0 5 7 3 9
G O : 0 0 0 5 7 3 9
G O : 0 0 0 5 6 3 4
G O : 0 0 0 5 7 3 7
G O : 0 0 0 5 6 2 2
G O : 0 0 3 1 9 8 2
G O : 0 0 0 5 7 3 9
G O : 0 0 0 5 7 3 9
G O : 0 0 0 5 7 3 9
G O : 0 0 0 5 7 3 9
G O : 0 0 0 5 6 3 4
G O : 0 0 0 5 6 3 4
G O : 0 0 0 5 6 3 4
G O : 0 0 4 5 2 0 2
G O : 0 0 0 5 6 3 4
G O : 0 0 0 5 7 3 7
G O : 0 0 0 5 6 3 4
G O : 0 0 0 5 6 3 4
G O : 0 0 0 5 6 3 4
G O : 0 0 0 5 7 3 9
G O : 0 0 4 2 5 7 1
G O : 0 0 4 2 5 7 1
G O : 0 0 0 5 5 7 7
G O : 0 0 1 6 0 2 0
G O : 0 0 0 5 8 8 6
G O : 0 0 4 4 4 2 5
G O : 0 0 1 6 0 2 0
G O : 0 0 4 2 5 7 1
G O : 0 0 1 8 9 9 5
G O : 0 0 0 5 6 3 4
G O : 0 0 4 2 5 7 1
G O : 0 0 4 2 5 7 1
G O : 0 0 3 2 9 9 1
G O : 0 0 4 2 5 7 1
G O : 0 0 4 2 5 7 1
G O : 0 0 1 6 0 2 0
G O : 0 0 1 6 0 2 0
G O : 0 0 4 2 5 7 1
G O : 0 0 4 4 2 9 7
G O : 0 0 4 2 5 7 1
G O : 0 0 7 1 7 3 5
G O : 0 0 7 1 7 3 5
G O : 0 0 4 2 5 7 1
G O : 0 0 3 0 4 2 4
G O : 0 0 3 0 4 2 4
G O : 0 0 3 0 4 2 5
G O : 0 0 4 3 0 0 5
G O : 0 0 4 3 0 0 5
G O : 0 0 4 2 5 7 1
G O : 0 0 3 0 8 4 9
G O : 0 0 4 3 5 9 6
G O : 0 0 4 4 4 2 8
G O : 0 0 4 4 4 2 8
G O : 0 0 0 1 7 5 0
G O : 0 0 0 0 8 0 6
G O : 0 0 3 0 8 4 9
G O : 0 0 3 0 8 4 9
G O : 0 0 3 0 8 4 9
G O : 0 0 3 0 8 4 9
G O : 0 0 3 0 8 4 9
G O : 0 0 3 0 8 4 9
G O : 0 0 3 0 8 4 9
G O : 0 0 3 0 8 4 9
G O : 0 0 3 0 8 4 9
G O : 0 0 4 2 9 9 5
G O : 0 0 0 0 7 8 5
G O : 0 0 0 5 6 3 4
G O : 0 0 4 4 2 9 7
G O : 0 0 4 3 6 9 8
G O : 0 0 4 3 6 9 8
G O : 0 0 0 5 7 3 9
G O : 0 0 0 5 6 3 4
G O : 0 0 1 5 6 2 9
G O : 0 0 0 5 7 3 9
G O : 0 0 1 5 6 2 9
G O : 0 0 0 5 7 7 7
G O : 0 0 1 5 6 2 9
G O : 0 0 0 5 7 3 9
G O : 0 0 0 5 7 3 9
G O : 0 0 0 5 7 3 9
G O : 0 0 0 5 7 7 7
G O : 0 0 0 5 7 6 8
G O : 0 0 0 5 6 2 2
G O : 0 0 0 5 6 2 2
G O : 0 0 0 5 6 2 2
G O : 0 0 3 1 9 8 2
G O : 0 0 0 5 7 3 7
G O : 0 0 1 6 0 2 0
G O : 0 0 1 6 0 2 0
G O : 0 0 4 2 5 7 1
G O : 0 0 4 2 5 7 1
G O : 0 0 4 2 5 7 1
G O : 0 0 4 2 5 7 1
G O : 0 0 4 2 5 7 1
G O : 0 0 1 6 0 2 0
G O : 0 0 4 2 5 7 1
G O : 0 0 4 2 5 7 1
G O : 0 0 4 2 5 7 1
G O : 0 0 4 2 5 7 1
G O : 0 0 4 2 5 7 1
G O : 0 0 0 5 6 2 2
G O : 0 0 3 2 9 9 1
G O : 0 0 0 5 8 8 6
G O : 0 0 1 6 0 2 0
G O : 0 0 0 5 5 7 6
G O : 0 0 0 5 5 7 6
G O : 0 0 4 2 6 5 1
G O : 0 0 0 5 7 3 7
G O : 0 0 0 5 5 7 6
G O : 0 0 0 5 8 8 6
G O : 0 0 1 6 0 2 0
G O : 0 0 0 5 5 7 6
G O : 0 0 0 5 7 3 7
G O : 0 0 0 5 8 5 6
G O : 0 0 0 5 8 5 6
G O : 0 0 0 5 6 2 2
G O : 0 0 3 1 9 4 1
G O : 0 0 1 6 0 2 0
G O : 0 0 1 6 0 2 0
G O : 0 0 4 2 9 9 5
G O : 0 0 4 2 9 9 5
G O : 0 0 4 2 9 9 5
G O : 0 0 4 2 9 9 5
G O : 0 0 1 6 0 2 0
G O : 1 9 9 0 0 2 5
G O : 0 0 0 5 6 3 4
G O : 0 0 0 5 6 3 4
G O : 0 0 0 5 6 3 4
G O : 0 0 4 2 5 7 1
G O : 0 0 4 2 5 7 1
G O : 0 0 0 5 6 3 4
G O : 0 0 4 2 5 7 1
G O : 0 0 1 6 0 2 0
G O : 0 0 0 5 7 3 7
G O : 0 0 0 5 7 3 7
G O : 0 0 0 5 6 3 4
G O : 0 0 4 2 6 1 1
G O : 0 0 4 2 6 1 1
G O : 0 0 4 2 6 1 1
G O : 0 0 0 0 8 0 5
G O : 0 0 0 0 8 0 5
G O : 0 0 0 5 6 3 4
G O : 0 0 0 5 6 3 4
G O : 0 0 0 5 6 3 4
G O : 0 0 0 5 6 3 4
G O : 0 0 0 0 8 0 5
G O : 0 0 0 0 8 0 3
G O : 0 0 0 0 8 0 5
G O : 0 0 0 0 8 0 5
G O : 0 0 0 0 8 0 6
G O : 0 0 0 5 7 3 9
G O : 0 0 0 0 8 0 3
G O : 0 0 0 5 7 3 9
G O : 0 0 0 0 8 0 5
G O : 0 0 0 0 8 0 5
G O : 0 0 0 5 6 3 4
G O : 0 0 0 5 6 2 2
G O : 0 0 0 5 6 3 4
G O : 0 0 0 5 7 3 9
G O : 0 0 0 5 6 3 4
G O : 0 0 0 5 7 3 9
G O : 0 0 0 5 7 3 9
G O : 0 0 0 5 7 4 3
G O : 0 0 0 5 7 3 9
G O : 0 0 0 5 7 7 7
G O : 0 0 0 9 9 8 6
G O : 0 0 0 5 6 3 4
G O : 0 0 1 6 2 3 4
G O : 0 0 1 6 2 3 4
G O : 0 0 4 2 5 7 1
G O : 0 0 0 5 6 3 4
G O : 0 0 0 5 6 2 2
G O : 0 0 3 1 0 1 2
G O : 0 0 0 5 6 2 2
G O : 0 0 0 1 6 6 9
G O : 0 0 4 2 5 7 1
G O : 0 0 0 5 6 3 4
G O : 0 0 1 6 0 2 0
G O : 0 0 4 5 2 0 2
G O : 0 0 3 2 5 4 1
G O : 0 0 0 5 6 3 4
G O : 0 0 0 5 6 3 4
G O : 0 0 0 5 6 3 4
G O : 0 0 1 6 0 2 0
G O : 0 0 0 5 6 3 4
G O : 0 0 1 6 0 2 0
G O : 0 0 0 0 7 8 6
G O : 0 0 0 0 7 8 5
G O : 0 0 3 2 9 9 3
G O : 0 0 0 5 6 3 4
G O : 0 0 0 0 7 8 5
G O : 0 0 0 0 7 8 5
G O : 0 0 0 0 7 9 1
G O : 0 0 0 0 7 8 5
G O : 0 0 0 0 7 9 2
G O : 0 0 4 3 2 2 6
G O : 0 0 4 5 1 2 0
G O : 0 0 4 5 1 2 0
G O : 0 0 4 5 1 2 0
G O : 0 0 4 5 1 2 0
G O : 0 0 0 5 6 3 4
G O : 0 0 0 0 7 8 5
G O : 0 0 0 5 6 3 4
G O : 0 0 4 3 0 0 5
G O : 0 0 0 5 7 3 9
G O : 0 0 0 5 7 3 9
G O : 0 0 0 5 7 3 9
G O : 0 0 0 5 7 3 9
G O : 0 0 0 5 6 3 4
G O : 0 0 4 2 5 7 1
G O : 0 0 0 5 6 3 4
G O : 0 0 9 7 4 4 7
G O : 0 0 3 1 0 1 2
G O : 0 0 4 2 2 7 2
G O : 0 0 3 1 0 1 2
G O : 0 0 3 1 0 1 2
G O : 0 0 1 6 0 2 0
G O : 0 0 0 0 7 8 5
G O : 0 0 3 0 4 2 4
G O : 0 0 3 0 4 2 5
G O : 0 0 4 5 2 0 2
G O : 0 0 4 5 2 0 2
G O : 0 0 4 3 0 0 5
G O : 0 0 3 0 4 2 5
G O : 0 0 0 5 7 3 7
G O : 0 0 0 5 6 3 4
G O : 0 0 0 5 9 1 7
G O : 0 0 3 1 0 1 2
G O : 0 0 0 5 7 7 7
G O : 0 0 1 5 6 2 9
G O : 0 0 7 1 7 3 5
G O : 0 0 7 1 7 3 5
